328 UBI AVE 1,1.3276406,103.90477
271 TOH GUAN RD,1.3415631,103.7462492
205 TOA PAYOH NTH,1.3421469,103.8482108
508 PASIR RIS ST 52,1.3763123,103.944242
656B JURONG WEST ST 61,1.3359759,103.69937
102 LENGKONG TIGA,1.3256132,103.910638
216 JURONG EAST ST 21,1.3397069,103.7375602
219 LOR 8 TOA PAYOH,1.3427803,103.8557971
1 DOVER RD,1.3025543,103.7833667
443 CHOA CHU KANG AVE 4,1.3813317,103.7371982
573 HOUGANG ST 51,1.3773601,103.8875806
56 CHAI CHEE DR,1.326364,103.9200635
431 JURONG WEST AVE 1,1.3523083,103.7247077
807 TAMPINES AVE 4,1.3458829,103.9361065
99 WHAMPOA DR,1.3208926,103.853828
306 CANBERRA RD,1.4461818,103.8223054
350 BT BATOK ST 34,1.3616914,103.7491461
138D YUAN CHING RD,1.3284548,103.7233281
351 HOUGANG AVE 7,1.3717288,103.8989476
204 MARSILING DR,1.444169,103.7739054
74 TELOK BLANGAH HTS,1.2754278,103.8087208
456 CHOA CHU KANG AVE 4,1.3789422,103.7352296
204 PETIR RD,1.3730489,103.7744938
24 HOUGANG AVE 3,1.365526,103.8919475
132 LOR AH SOO,1.3508815,103.8864278
38 JLN RUMAH TINGGI,1.2887216,103.8097407
58 MARINE TER,1.3058461,103.9137193
842C TAMPINES ST 82,1.3519531,103.9370129
358 WOODLANDS AVE 5,1.4336476,103.7838194
128 BT MERAH VIEW,1.2826858,103.8233525
615 WOODLANDS AVE 4,1.4340819,103.7967676
933 TAMPINES ST 91,1.3452821,103.9387352
718 WOODLANDS AVE 6,1.4416521,103.8010688
158 WOODLANDS ST 13,1.4340701,103.7747655
194 KIM KEAT AVE,1.330963,103.8581751
673 WOODLANDS DR 71,1.4391631,103.7999822
3 EVERTON PK,1.2772176,103.8388585
659 CHOA CHU KANG CRES,1.4013549,103.749248
253 ANG MO KIO ST 21,1.3697648,103.8345326
215 YISHUN ST 21,1.4317882,103.8356195
319 BT BATOK ST 33,1.3611949,103.7463403
413B FERNVALE LINK,1.3898148,103.8785718
717 WOODLANDS DR 70,1.4409093,103.7995067
914 HOUGANG ST 91,1.3771835,103.8839202
467 SEGAR RD,1.3870546,103.773679
166 BISHAN ST 13,1.3488421,103.8552762
301C ANCHORVALE DR,1.3887064,103.8909448
51 TEBAN GDNS RD,1.3207445,103.7370171
669 CHOA CHU KANG CRES,1.4028997,103.748241
216 MARSILING LANE,1.447117,103.7720947
520 PASIR RIS ST 52,1.3734594,103.9447897
287 YISHUN AVE 6,1.4395969,103.8376957
552 WOODLANDS DR 44,1.4319367,103.7951789
75 BEDOK NTH RD,1.3279202,103.9420891
66 C'WEALTH DR,1.296245,103.799522
936 HOUGANG ST 92,1.3747692,103.8800069
851 JURONG WEST ST 81,1.3468722,103.6928436
512 ANG MO KIO AVE 8,1.3726088,103.8491179
473 JURONG WEST ST 41,1.3486611,103.7229013
305 SERANGOON AVE 2,1.3539148,103.8668935
391 BT BATOK WEST AVE 5,1.3658973,103.7527548
572A WOODLANDS AVE 1,1.4310991,103.789501
2 ROCHOR RD,1.302418,103.855276
607 JURONG WEST ST 65,1.3380082,103.6996898
796A YISHUN RING RD,1.4193868,103.8330607
11 CANTONMENT CL,1.2743997,103.8396276
554 WOODLANDS DR 53,1.4321014,103.7965865
42 JLN BAHAGIA,1.327219,103.8569747
364 WOODLANDS AVE 5,1.4339973,103.7866262
118 YISHUN RING RD,1.436015,103.8284641
313 SEMBAWANG DR,1.4447171,103.8217619
2 MARSILING DR,1.4399866,103.7765895
407 YISHUN AVE 6,1.4259484,103.8487085
23 TOA PAYOH EAST,1.3346015,103.856715
773 BEDOK RESERVOIR VIEW,1.3362884,103.9373755
526 BEDOK NTH ST 3,1.334214,103.9291271
108 BEDOK NTH RD,1.3327098,103.9361971
211 HOUGANG ST 21,1.3600758,103.8878019
622 JURONG WEST ST 61,1.3407321,103.6990985
332 TAMPINES ST 32,1.353498,103.9606731
242 BT BATOK EAST AVE 5,1.3507872,103.7558787
48 CIRCUIT RD,1.3253894,103.8858085
303 JURONG EAST ST 32,1.3447745,103.7357385
288A BT BATOK ST 25,1.3452213,103.7606448
24 NEW UPP CHANGI RD,1.3238437,103.9333741
252 HOUGANG AVE 3,1.3602663,103.8927856
878 WOODLANDS AVE 9,1.4453432,103.7917873
117A RIVERVALE DR,1.3832043,103.9026176
655 WOODLANDS RING RD,1.4376641,103.7983899
102 HENDERSON CRES,1.2904366,103.8217393
403 CHOA CHU KANG AVE 3,1.3792682,103.7390084
293 BISHAN ST 22,1.3562987,103.8459385
410C FERNVALE RD,1.3900337,103.8764759
558 ANG MO KIO AVE 10,1.3712314,103.8591716
140 POTONG PASIR AVE 3,1.3337034,103.8666935
615 HOUGANG AVE 8,1.3685883,103.884993
308 WOODLANDS AVE 1,1.4291938,103.7788969
688E WOODLANDS DR 75,1.4438487,103.8079058
686C CHOA CHU KANG CRES,1.4046133,103.7490296
108 ALJUNIED CRES,1.319098,103.8852646
529 BEDOK NTH ST 3,1.3346662,103.9268611
451 JURONG WEST ST 42,1.351899,103.7187384
422 FAJAR RD,1.3850973,103.7696082
218 MARSILING CRES,1.4466991,103.7738529
320 TAMPINES ST 33,1.3506635,103.9572281
341 CLEMENTI AVE 5,1.3190999,103.7690618
647 PASIR RIS DR 10,1.3784313,103.9389988
221B BEDOK CTRL,1.325015,103.934526
199C PUNGGOL FIELD,1.4005749,103.905878
111 BISHAN ST 12,1.347053,103.8481197
106 ALJUNIED CRES,1.319113,103.8829083
274 YISHUN ST 22,1.4374525,103.8387148
354 TAMPINES ST 33,1.3548969,103.9624183
151 JLN TECK WHYE,1.3784093,103.7572705
618 CHOA CHU KANG NTH 7,1.4003406,103.7468832
583 PASIR RIS ST 53,1.3757505,103.9470337
411 JURONG WEST ST 42,1.3537701,103.7251608
440 JURONG WEST AVE 1,1.3512991,103.7227207
687A WOODLANDS DR 75,1.4410632,103.8072719
718 BEDOK RESERVOIR RD,1.337161,103.9256829
440 FAJAR RD,1.3835391,103.7699897
506 PASIR RIS ST 52,1.3769001,103.9447601
552 SERANGOON NTH AVE 3,1.3646758,103.8722366
941 HOUGANG ST 92,1.3735793,103.8791686
758 JURONG WEST ST 74,1.3502351,103.7003045
33 TANGLIN HALT RD,1.2965862,103.7984912
240 TAMPINES ST 21,1.3549489,103.9471983
440B FERNVALE LINK,1.3935046,103.8781745
317 HOUGANG AVE 7,1.3652988,103.8963197
660 JLN TENAGA,1.3344959,103.9068372
207 PETIR RD,1.3736882,103.7748334
359B ADMIRALTY DR,1.4494014,103.815128
234 TAMPINES ST 21,1.3559135,103.9482533
171 STIRLING RD,1.2906819,103.8038534
305 BT BATOK ST 31,1.3578601,103.7479682
160 YUNG PING RD,1.329399,103.7214502
527 CHOA CHU KANG ST 51,1.3918654,103.7414522
8 LOR 7 TOA PAYOH,1.337929,103.8567286
94B BEDOK NTH AVE 4,1.3339881,103.9429049
282 TOH GUAN RD,1.3396338,103.7471321
105 SERANGOON NTH AVE 1,1.3702143,103.8701338
113 CLEMENTI ST 13,1.3235584,103.7702387
481 JURONG WEST ST 41,1.3468827,103.7252513
254 SIMEI ST 1,1.3419854,103.9518794
440 ANG MO KIO AVE 10,1.3665005,103.8540989
406 ANG MO KIO AVE 10,1.3620328,103.8538267
690 HOUGANG ST 61,1.3769353,103.8857179
258 ANG MO KIO AVE 4,1.3699729,103.8365253
225 BT BATOK CTRL,1.3493124,103.751807
491E TAMPINES ST 45,1.362443,103.9552563
1 JLN BT MERAH,1.2864913,103.8083538
725 TAMPINES ST 71,1.3569177,103.9352974
471 ANG MO KIO AVE 10,1.3634808,103.8567256
221A BEDOK CTRL,1.3248975,103.9333872
88 C'WEALTH CL,1.352083,103.819836
65 MARINE DR,1.3034544,103.909913
806 YISHUN RING RD,1.417113,103.831165
714 YISHUN ST 71,1.4271337,103.8278692
467 PASIR RIS DR 6,1.3735463,103.9567295
183B BOON LAY AVE,1.3482908,103.7097071
10 JLN KUKOH,1.2869405,103.8390647
554 PASIR RIS ST 51,1.3684042,103.9532392
589D MONTREAL DR,1.4499133,103.8242979
229 SERANGOON AVE 4,1.356053,103.8702752
361 TAMPINES ST 34,1.3558759,103.9626525
508 JELAPANG RD,1.3864423,103.7687676
484C CHOA CHU KANG AVE 5,1.3756701,103.736904
266 TOH GUAN RD,1.3411155,103.7441903
144 BEDOK RESERVOIR RD,1.3351152,103.9124505
505 BT BATOK ST 52,1.3519153,103.7536754
684A JURONG WEST ST 64,1.3440618,103.7039883
33 BEDOK STH AVE 2,1.3228896,103.9390978
311C ANCHORVALE LANE,1.3918147,103.8844303
60 MARINE DR,1.3033473,103.9085596
34 JLN BAHAGIA,1.3270274,103.8577889
203 YISHUN ST 21,1.4307549,103.8366159
146 PASIR RIS ST 11,1.3632918,103.9602878
492 JURONG WEST ST 41,1.3500345,103.7249798
142 YISHUN RING RD,1.4307177,103.8307285
4 SAGO LANE,1.2817753,103.8429707
327 UBI AVE 1,1.3268667,103.9039615
123 SERANGOON NTH AVE 1,1.3668998,103.8723106
520 JURONG WEST ST 52,1.3462006,103.7176518
209 BOON LAY PL,1.3463616,103.7151179
503 JELAPANG RD,1.3845315,103.7664364
312B ANCHORVALE LANE,1.3917261,103.8854866
509 JELAPANG RD,1.3867347,103.7689034
606 ANG MO KIO AVE 5,1.379352,103.8365253
337 HOUGANG AVE 7,1.3697549,103.8983133
210 JURONG EAST ST 21,1.3388218,103.7386464
309C ANCHORVALE RD,1.3908493,103.8858527
126B EDGEDALE PLAINS,1.39459,103.9110005
456 SEGAR RD,1.387737,103.7702041
29 JLN BAHAGIA,1.3254532,103.8591393
21 HOUGANG AVE 3,1.3640994,103.8916756
274 CHOA CHU KANG AVE 2,1.379378,103.742822
402 SERANGOON AVE 1,1.3466157,103.873033
688C CHOA CHU KANG CRES,1.4032512,103.7507755
614 YISHUN ST 61,1.4198451,103.8360951
689A WOODLANDS DR 75,1.4445088,103.8079963
849 WOODLANDS ST 82,1.441304,103.792059
230B TAMPINES ST 24,1.3555331,103.9507009
863 TAMPINES ST 83,1.3554867,103.936347
328 ANG MO KIO AVE 3,1.3666826,103.84785
525 CHOA CHU KANG ST 51,1.3914254,103.7414522
213 MARSILING CRES,1.4464134,103.7718579
288 TAMPINES ST 22,1.3484852,103.9542364
119 ANG MO KIO AVE 3,1.369558,103.8447681
307 JURONG EAST ST 32,1.346539,103.734972
327 CLEMENTI AVE 5,1.3139894,103.7665243
633 WOODLANDS RING RD,1.4356432,103.8024497
114 EDGEFIELD PLAINS,1.3961415,103.9074684
119B KIM TIAN RD,1.2810165,103.8275227
506 SERANGOON NTH AVE 4,1.3702886,103.8716082
107 JURONG EAST ST 13,1.3377342,103.7379228
549A SEGAR RD,1.3898896,103.7685412
547 SERANGOON NTH AVE 3,1.3662874,103.8725945
115 LOR 1 TOA PAYOH,1.3407036,103.8445869
205B COMPASSVALE LANE,1.3855339,103.8967048
716 WOODLANDS DR 70,1.4415313,103.7998237
87 REDHILL CL,1.2861188,103.8190449
448 YISHUN RING RD,1.422484,103.844908
577 WOODLANDS DR 16,1.4310012,103.7964959
685A JURONG WEST ST 64,1.3430949,103.7040646
403 SIN MING AVE,1.362902,103.8334617
158 ANG MO KIO AVE 4,1.374781,103.8390189
19 DOVER CRES,1.3078208,103.7836383
309 CANBERRA RD,1.4467567,103.8213318
18 BEDOK STH RD,1.3205036,103.9347465
145 BISHAN ST 11,1.3448753,103.8543476
322 JURONG EAST ST 31,1.3481124,103.7291459
148 SILAT AVE,1.2769877,103.8309096
658 YISHUN AVE 4,1.4219519,103.8394465
528 BEDOK NTH ST 3,1.3348078,103.9276769
746 PASIR RIS ST 71,1.3787828,103.9353134
55 PIPIT RD,1.3237647,103.8884362
4B ST. GEORGE'S LANE,1.3222424,103.8602587
214 YISHUN ST 21,1.43153,103.836136
835 WOODLANDS ST 83,1.4404295,103.7911129
471A FERNVALE ST,1.3959316,103.8805607
533 BEDOK NTH ST 3,1.3335837,103.9242327
107 TAMPINES ST 11,1.3483749,103.948072
202A COMPASSVALE DR,1.3886777,103.8932291
918 HOUGANG AVE 9,1.3756476,103.8835659
544 SERANGOON NTH AVE 3,1.3702886,103.8716082
336 HOUGANG AVE 7,1.3693517,103.8983586
743 WOODLANDS CIRCLE,1.4437186,103.7962922
558 CHOA CHU KANG NTH 6,1.3963312,103.7474905
523 JELAPANG RD,1.387464,103.7656638
636A PUNGGOL DR,1.4002679,103.9139432
447 CHOA CHU KANG AVE 4,1.3806151,103.7374923
164 TAMPINES ST 12,1.3494388,103.9469763
161 YUNG PING RD,1.329739,103.7214675
471A UPP SERANGOON CRES,1.378151,103.9020772
10 JLN BATU,1.3020705,103.882909
619A PUNGGOL DR,1.4027521,103.9114927
207 JURONG EAST ST 21,1.3377806,103.7426294
338 CLEMENTI AVE 2,1.3163094,103.7695424
486 JURONG WEST AVE 1,1.3487264,103.7263386
21 GHIM MOH RD,1.3106477,103.7884371
185C RIVERVALE CRES,1.3931449,103.906419
442 JURONG WEST AVE 1,1.351535,103.7195532
446 HOUGANG AVE 8,1.3787918,103.8942552
617 JURONG WEST ST 65,1.3410919,103.700369
284 CHOA CHU KANG AVE 3,1.3797981,103.7424026
132 CASHEW RD,1.3743916,103.7705103
274D PUNGGOL PL,1.4031476,103.9018475
938 JURONG WEST ST 91,1.3429826,103.6898694
746 YISHUN ST 72,1.42894,103.8334457
171 LOR 1 TOA PAYOH,1.3307572,103.8426885
227 PENDING RD,1.3749364,103.7715505
172 ANG MO KIO AVE 4,1.3746617,103.8366159
238 HOUGANG AVE 1,1.357124,103.8890965
237 LOR 1 TOA PAYOH,1.3399788,103.8517637
126 PASIR RIS ST 11,1.3657755,103.9553085
657 YISHUN AVE 4,1.4222826,103.8393559
570 PASIR RIS ST 53,1.3728386,103.9464403
236A SERANGOON AVE 2,1.3540324,103.8693016
50 CIRCUIT RD,1.3248788,103.8855366
405 CHOA CHU KANG AVE 3,1.3801448,103.7395515
439 FAJAR RD,1.3831285,103.7704263
183 BT BATOK WEST AVE 8,1.3463279,103.743333
652 SENJA LINK,1.3873342,103.76363
35 BEDOK STH AVE 2,1.3223734,103.9398229
248 HOUGANG AVE 3,1.359343,103.8925551
305 CLEMENTI AVE 4,1.321972,103.7659837
411 HOUGANG AVE 10,1.3740168,103.8944569
472 PASIR RIS DR 6,1.3741653,103.9573188
22 MARSILING DR,1.4421089,103.7746296
64 KALLANG BAHRU,1.3203667,103.8684124
25 TELOK BLANGAH CRES,1.2764001,103.8192299
246 SERANGOON AVE 3,1.3519807,103.8695904
8 JLN RUMAH TINGGI,1.2884649,103.808019
868 TAMPINES ST 83,1.3546045,103.9342936
351 TAMPINES ST 33,1.3529734,103.9627583
116 SIMEI ST 1,1.343658,103.9512787
636C SENJA RD,1.3873616,103.7590131
860A TAMPINES AVE 5,1.3555234,103.9386615
20 DOVER CRES,1.3066918,103.7835538
541 HOUGANG AVE 8,1.3775618,103.8912452
522 WOODLANDS DR 14,1.433805,103.794051
330 SEMBAWANG CL,1.4468518,103.8178449
141 TAMPINES ST 12,1.348247,103.9448992
37 JLN RUMAH TINGGI,1.2892479,103.8091786
644 ANG MO KIO AVE 4,1.3791821,103.8409446
137 PETIR RD,1.3750576,103.7694239
315C ANCHORVALE RD,1.3924077,103.8878908
4 HOLLAND CL,1.3079724,103.7957715
125 MARSILING RISE,1.4385182,103.779564
160 LOR 1 TOA PAYOH,1.330965,103.8450399
751 PASIR RIS ST 71,1.3781311,103.9340444
700A ANG MO KIO AVE 6,1.3699527,103.846172
427 BEDOK NTH RD,1.3290657,103.9273597
102 C'WEALTH CRES,1.352083,103.819836
2 TECK WHYE AVE,1.3822385,103.7512734
129 BT BATOK WEST AVE 6,1.3514577,103.7459815
288A JURONG EAST ST 21,1.3388494,103.7434209
104B ANG MO KIO ST 11,1.3716126,103.8380198
311D ANCHORVALE LANE,1.3917614,103.8846229
803 TAMPINES AVE 4,1.345141,103.9378287
131 BEDOK NTH AVE 3,1.3269324,103.9357439
259 BT BATOK EAST AVE 4,1.3513273,103.7595896
113 WOODLANDS ST 13,1.4379938,103.7812842
755 WOODLANDS AVE 4,1.4453348,103.7931456
84B LOR 2 TOA PAYOH,1.335832,103.8467183
721 WOODLANDS CIRCLE,1.4440056,103.8003444
713 TAMPINES ST 71,1.3591972,103.9376474
511 JURONG WEST ST 52,1.3478915,103.7194908
37 TANGLIN HALT RD,1.297882,103.7980579
130 SIMEI ST 1,1.3462858,103.954871
277 YISHUN ST 22,1.4379621,103.8370008
843 TAMPINES ST 83,1.3517452,103.9350188
729 WOODLANDS CIRCLE,1.4425116,103.7985786
921 HOUGANG ST 91,1.3764316,103.8841775
391 YISHUN AVE 6,1.4295041,103.8491162
701 CHOA CHU KANG ST 53,1.3916351,103.7462722
48 LOR 5 TOA PAYOH,1.336474,103.8532342
84 BEDOK NTH ST 4,1.333738,103.9319521
567 HOUGANG ST 51,1.3786004,103.8890705
132 BISHAN ST 12,1.3455687,103.851562
101 AH HOOD RD,1.3273817,103.8444964
183 STIRLING RD,1.2957896,103.8048296
69 BEDOK STH AVE 3,1.3193589,103.9435005
403 BEDOK NTH AVE 3,1.3297967,103.9338404
409 CHOA CHU KANG AVE 3,1.381132,103.741868
107 TOWNER RD,1.3197561,103.8599869
58 TELOK BLANGAH HTS,1.2750365,103.81343
45 TELOK BLANGAH DR,1.2721392,103.8096268
714 CLEMENTI WEST ST 2,1.3041378,103.7618194
3 JOO CHIAT RD,1.3156188,103.8989826
138 BEDOK NTH ST 2,1.3336837,103.9319632
525 BEDOK NTH ST 3,1.3347268,103.9290365
67 CIRCUIT RD,1.3258892,103.8879831
667B JURONG WEST ST 65,1.340938,103.7015416
447 TAMPINES ST 42,1.3573461,103.9504969
725 WOODLANDS AVE 6,1.4448954,103.7988955
557 JURONG WEST ST 42,1.3540275,103.7186447
183 JELEBU RD,1.3800056,103.7631773
422 JURONG WEST ST 42,1.3506927,103.7263407
620 BEDOK RESERVOIR RD,1.334281,103.9175258
606 YISHUN ST 61,1.4213618,103.8361655
673 CHOA CHU KANG CRES,1.4013168,103.7481099
43 CIRCUIT RD,1.3264877,103.8855363
291A BT BATOK ST 24,1.3435213,103.7558463
224 JURONG EAST ST 21,1.3416891,103.7367456
172 GANGSA RD,1.3794537,103.7666401
13 MARSILING LANE,1.4412792,103.7794549
66 CIRCUIT RD,1.3266957,103.8877113
31 MARINE CRES,1.3037019,103.9114083
226B COMPASSVALE WALK,1.387625,103.8992537
404 FAJAR RD,1.3806921,103.7675997
455 SEGAR RD,1.3873841,103.7706687
45 SIMS DR,1.3174127,103.8783863
296D CHOA CHU KANG AVE 2,1.3765622,103.7430848
126A EDGEDALE PLAINS,1.3942935,103.9115443
163 BISHAN ST 13,1.348103,103.8564538
50 CHAI CHEE ST,1.3293183,103.9225179
739 PASIR RIS DR 10,1.3785172,103.9368543
115 HO CHING RD,1.3337028,103.7246169
410 BT BATOK WEST AVE 4,1.364427,103.7449823
172A EDGEDALE PLAINS,1.3953196,103.9115443
225 PENDING RD,1.3755339,103.77257
530 BEDOK NTH ST 3,1.3338739,103.9278355
343 YISHUN AVE 11,1.4295347,103.844134
107 SERANGOON NTH AVE 1,1.3698385,103.8700303
270A SENGKANG CTRL,1.3859347,103.894009
85 LOR 4 TOA PAYOH,1.3363581,103.8484195
237 CHOA CHU KANG CTRL,1.3794328,103.748422
169 BEDOK STH AVE 3,1.3203356,103.9449444
580 WOODLANDS DR 16,1.4305261,103.796179
130 RIVERVALE ST,1.3893818,103.9026857
260 TAMPINES ST 21,1.3545942,103.9501824
58 CIRCUIT RD,1.3250205,103.8863521
540 BEDOK NTH ST 3,1.3311078,103.9221481
55 STRATHMORE AVE,1.2933024,103.8094
289 YISHUN AVE 6,1.4404279,103.8387898
80 C'WEALTH DR,1.296245,103.799522
832 YISHUN ST 81,1.4145528,103.8348949
124 PENDING RD,1.3768805,103.7710535
53 NEW UPP CHANGI RD,1.3243325,103.9424467
208 PASIR RIS ST 21,1.3662104,103.9620104
262 TAMPINES ST 21,1.3537767,103.9506103
866 YISHUN ST 81,1.4145933,103.8372726
92 BEDOK NTH AVE 4,1.332461,103.9412733
108 BEDOK RESERVOIR RD,1.3302301,103.9093692
298A COMPASSVALE ST,1.3952325,103.9016662
86 LOR 2 TOA PAYOH,1.3354853,103.8476701
106A PUNGGOL FIELD,1.3967298,103.9085388
452 SIN MING AVE,1.3585044,103.8297911
320 YISHUN CTRL,1.4293216,103.8415648
362 HOUGANG AVE 5,1.3701888,103.8961611
515 HOUGANG AVE 10,1.3724284,103.8890478
826 JURONG WEST ST 81,1.3463304,103.6941644
669 WOODLANDS RING RD,1.4383288,103.7983975
681B JURONG WEST CTRL 1,1.3448197,103.7049123
105 POTONG PASIR AVE 1,1.3344885,103.8687748
115 BISHAN ST 12,1.3480504,103.8483953
187 BOON LAY AVE,1.3452524,103.7105477
195B PUNGGOL RD,1.4014141,103.9064318
868 YISHUN ST 81,1.4147013,103.8379695
132 RIVERVALE ST,1.3900365,103.9035013
667 HOUGANG AVE 4,1.3737947,103.8840869
246 YISHUN AVE 9,1.4350422,103.842584
418 JURONG WEST ST 42,1.3511241,103.7264631
479 SEMBAWANG DR,1.4526098,103.815694
665 HOUGANG AVE 4,1.3741585,103.884177
491A TAMPINES AVE 9,1.3626164,103.9537831
39 CAMBRIDGE RD,1.3163424,103.8484676
175 BT BATOK WEST AVE 8,1.3456957,103.7418168
434 CHOA CHU KANG AVE 4,1.3845416,103.7412922
86 C'WEALTH CL,1.352083,103.819836
708 CHOA CHU KANG ST 53,1.3916859,103.7469737
527 JURONG WEST ST 52,1.3478932,103.7162947
330 YISHUN RING RD,1.4310127,103.842413
140 BEDOK RESERVOIR RD,1.3348915,103.9131756
443A FERNVALE RD,1.3912375,103.8743241
698B HOUGANG ST 61,1.375027,103.8878722
75A REDHILL RD,1.2880406,103.8153318
559 ANG MO KIO AVE 10,1.3710191,103.8579033
111B DEPOT RD,1.2810247,103.8088407
208 BOON LAY PL,1.3471712,103.7145796
2A UPP BOON KENG RD,1.3138711,103.8720817
61 MARINE DR,1.3030421,103.9087341
275A COMPASSVALE LINK,1.3823562,103.8946346
657 JLN TENAGA,1.3339562,103.9072169
619 ANG MO KIO AVE 4,1.3786251,103.8386312
550 JURONG WEST ST 42,1.3527395,103.7164502
880 TAMPINES AVE 8,1.3513453,103.9314158
169 BOON LAY DR,1.347554,103.7072073
723 TAMPINES ST 72,1.3600175,103.9351094
699 HOUGANG ST 52,1.3761811,103.8893423
932 YISHUN CTRL 1,1.426375,103.836995
512 SERANGOON NTH AVE 4,1.370256,103.8718231
273 TAMPINES ST 22,1.3487271,103.9504289
523 SERANGOON NTH AVE 4,1.373136,103.8730265
569 HOUGANG ST 51,1.3774347,103.8879831
805 WOODLANDS ST 81,1.4406729,103.78726
175 LOR 2 TOA PAYOH,1.3333685,103.8471233
264 BISHAN ST 24,1.3583662,103.8420506
213 SERANGOON AVE 4,1.3571522,103.8730323
735 JURONG WEST ST 75,1.3459965,103.7009082
121 SERANGOON NTH AVE 1,1.3669083,103.8711344
179 YUNG SHENG RD,1.3338698,103.7208167
556 WOODLANDS DR 53,1.4329865,103.795862
516 JURONG WEST ST 52,1.3454437,103.7201522
388 YISHUN RING RD,1.4291853,103.8472592
331 ANG MO KIO AVE 1,1.3620144,103.8508674
3 JLN BATU,1.3028783,103.8839282
354 YISHUN RING RD,1.4257863,103.845221
298 PUNGGOL CTRL,1.4025751,103.9056083
670B EDGEFIELD PLAINS,1.4053074,103.913417
421 ANG MO KIO AVE 10,1.3653353,103.8528307
953 JURONG WEST ST 91,1.3423913,103.6907742
46 BENDEMEER RD,1.3150672,103.8615294
535 UPP CROSS ST,1.284574,103.846243
113 PASIR RIS ST 11,1.3680973,103.9555963
819 WOODLANDS ST 82,1.4410921,103.7907008
39 BEDOK STH RD,1.3214265,103.9396401
51 JLN BAHAGIA,1.3277625,103.8560744
415 WOODLANDS ST 41,1.4280568,103.7739506
510A WELLINGTON CIRCLE,1.4535349,103.8204034
171 BT BATOK WEST AVE 8,1.3461435,103.7403687
10 SELEGIE RD,1.3037148,103.8505656
379 CLEMENTI AVE 5,1.3179359,103.7677943
480 SEMBAWANG DR,1.4523929,103.8151507
633 ANG MO KIO AVE 6,1.381223,103.8423224
508C WELLINGTON CIRCLE,1.4528136,103.8212865
245 BISHAN ST 22,1.3605524,103.8439529
345 TAMPINES ST 33,1.3518413,103.9623503
773 WOODLANDS DR 60,1.4474178,103.7976052
848 WOODLANDS ST 82,1.4418002,103.7919458
42 CIRCUIT RD,1.3272355,103.8864449
318 UBI AVE 1,1.3284909,103.9032294
13 UPP BOON KENG RD,1.3145569,103.8704735
121C SENGKANG EAST WAY,1.3863424,103.9054723
687D CHOA CHU KANG DR,1.4037832,103.7516142
120 POTONG PASIR AVE 1,1.3355108,103.8635061
191 PASIR RIS ST 12,1.3659374,103.958656
578 PASIR RIS ST 53,1.3740218,103.9475961
650C JURONG WEST ST 61,1.3385495,103.6964745
662 YISHUN AVE 4,1.4203877,103.8403296
428A YISHUN AVE 11,1.4225452,103.8473951
770 WOODLANDS DR 60,1.4466247,103.7985618
777 WOODLANDS CRES,1.4480107,103.7996652
2 BEACH RD,1.3040782,103.8649191
160 MEI LING ST,1.2921971,103.8042835
146 BT BATOK WEST AVE 6,1.3496382,103.7440804
430 CLEMENTI AVE 3,1.3133084,103.7625769
497G TAMPINES ST 45,1.360312,103.9596759
895 TAMPINES ST 81,1.347813,103.9314837
926 HOUGANG ST 91,1.3759901,103.880995
512 JELAPANG RD,1.3873801,103.768247
425 CHOA CHU KANG AVE 4,1.3811902,103.7394383
6 HAIG RD,1.3131516,103.8972715
339 CLEMENTI AVE 5,1.3195385,103.7691523
652 JLN TENAGA,1.3326533,103.9079192
507D WELLINGTON CIRCLE,1.4514088,103.8228714
628 HOUGANG AVE 8,1.3695668,103.8805532
445A FERNVALE RD,1.392091,103.87442
723 WOODLANDS AVE 6,1.4455065,103.7990053
284 YISHUN AVE 6,1.4397674,103.8387898
712 HOUGANG AVE 2,1.3659191,103.8873715
772 YISHUN AVE 3,1.4236637,103.8324494
157B RIVERVALE CRES,1.387611,103.908128
647 WOODLANDS RING RD,1.4378722,103.8010235
310B ANCHORVALE RD,1.3909278,103.8847165
154 BT BATOK ST 11,1.3476801,103.7439857
842 TAMPINES ST 82,1.3517954,103.9358119
891A WOODLANDS DR 50,1.4377467,103.7911999
79B TOA PAYOH CTRL,1.3347803,103.8479877
18 TAMAN HO SWEE,1.2880992,103.8311813
262A COMPASSVALE ST,1.3954933,103.8948698
467 TAMPINES ST 44,1.3599627,103.9547067
240 BT BATOK EAST AVE 5,1.3505337,103.7539471
125 SERANGOON NTH AVE 1,1.3665528,103.8723709
6 JLN BATU,1.3012823,103.8839996
709 YISHUN AVE 5,1.4290075,103.8282995
425 JURONG WEST AVE 1,1.3511433,103.7244401
269 PASIR RIS ST 21,1.3644825,103.9640839
7 TELOK BLANGAH CRES,1.2783667,103.8194072
720 TAMPINES ST 72,1.3594259,103.9361065
32 JLN BAHAGIA,1.3262064,103.8580845
164 JLN TECK WHYE,1.3812924,103.7562973
190 BISHAN ST 13,1.3505564,103.8520585
408 BEDOK NTH AVE 2,1.3332076,103.9339212
551 WOODLANDS DR 44,1.4331361,103.7954093
858 TAMPINES AVE 5,1.3542904,103.9379194
273 BANGKIT RD,1.3775879,103.7753992
403 CLEMENTI AVE 1,1.3080239,103.7678745
433B SENGKANG WEST WAY,1.3942222,103.8777217
601 SENJA RD,1.3819341,103.7624757
152 BT BATOK ST 11,1.3487514,103.7442582
681A JURONG WEST CTRL 1,1.3443674,103.7051633
126C EDGEDALE PLAINS,1.393997,103.9106879
181 STIRLING RD,1.2942188,103.8057098
131 SIMEI ST 1,1.345497,103.953968
487A CHOA CHU KANG AVE 5,1.3759677,103.7392799
12 FARRER PK RD,1.312127,103.8518016
57 NEW UPP CHANGI RD,1.3241216,103.9416303
194A BT BATOK WEST AVE 6,1.3448446,103.7456487
444 ANG MO KIO AVE 10,1.3666372,103.8555477
544 ANG MO KIO AVE 10,1.3740315,103.8564538
253 YISHUN RING RD,1.4349683,103.8405334
660B JURONG WEST ST 64,1.3362049,103.7042111
940 JURONG WEST ST 91,1.3433551,103.6887836
140 TAMPINES ST 12,1.3475946,103.9438114
694 JURONG WEST CTRL 1,1.3433239,103.7070614
664A JURONG WEST ST 64,1.3391846,103.7033899
111A DEPOT RD,1.2811688,103.8087941
431D YISHUN AVE 1,1.4201256,103.8472139
212 ANG MO KIO AVE 3,1.3688441,103.8415977
223 BISHAN ST 23,1.3585241,103.8482064
116 SERANGOON NTH AVE 1,1.3685854,103.8716122
134 BT BATOK WEST AVE 6,1.3516111,103.7444427
148 YISHUN ST 11,1.4319165,103.8323869
312 SEMBAWANG DR,1.4445731,103.8213091
457 JURONG WEST ST 41,1.3507807,103.7207757
389 BT BATOK WEST AVE 5,1.3653721,103.7522773
763 BEDOK RESERVOIR VIEW,1.3362289,103.9350188
135 BEDOK NTH ST 2,1.3280619,103.9399735
37 MARSILING DR,1.4455275,103.7717713
616 HOUGANG AVE 8,1.3689733,103.883483
700C ANG MO KIO AVE 6,1.3696213,103.846489
414 BT BATOK WEST AVE 4,1.3635418,103.745978
409 HOUGANG AVE 10,1.3738024,103.8951417
304 BT BATOK ST 31,1.357487,103.7479771
44 CHAI CHEE ST,1.3290053,103.9257046
683C WOODLANDS DR 62,1.4412347,103.8032874
637 CHOA CHU KANG NTH 6,1.3962149,103.748951
446 TAMPINES ST 42,1.3579473,103.9509729
357B ADMIRALTY DR,1.4503948,103.8175215
674 HOUGANG AVE 8,1.3723281,103.8843563
345 BT BATOK ST 34,1.3628539,103.750866
28 CASSIA CRES,1.3090145,103.8836338
158C RIVERVALE CRES,1.3884668,103.9070114
145 LOR 2 TOA PAYOH,1.3352899,103.8461192
475 PASIR RIS DR 6,1.3751425,103.9572993
182 EDGEFIELD PLAINS,1.3990196,103.9094716
725 BEDOK RESERVOIR RD,1.3376549,103.9288552
227 SIMEI ST 4,1.342162,103.9561175
313 SHUNFU RD,1.3513189,103.8380265
349 WOODLANDS AVE 3,1.4333629,103.7823707
519 SERANGOON NTH AVE 4,1.3717987,103.8747544
204B PUNGGOL FIELD,1.398608,103.903342
169 LOR 1 TOA PAYOH,1.3316999,103.842588
730 JURONG WEST ST 72,1.3461752,103.6984877
299A COMPASSVALE ST,1.3958878,103.9023912
978 JURONG WEST ST 93,1.3405589,103.6941446
472 SEGAR RD,1.3879409,103.7725926
446 BRIGHT HILL DR,1.3580571,103.8322682
637C PUNGGOL DR,1.3992421,103.9152172
138 JLN BT MERAH,1.2784917,103.8261303
3 LOR 7 TOA PAYOH,1.339241,103.8544655
308 SHUNFU RD,1.3505338,103.8375435
74A REDHILL RD,1.2879998,103.8161016
875 TAMPINES ST 84,1.3527154,103.9318463
105C EDGEFIELD PLAINS,1.397623,103.905595
24 EUNOS CRES,1.3238359,103.9023841
489A TAMPINES ST 45,1.3607072,103.9574787
208 PETIR RD,1.3739991,103.7749465
137 BEDOK RESERVOIR RD,1.3337227,103.912813
164 GANGSA RD,1.3764769,103.7648974
20 TELOK BLANGAH CRES,1.2770373,103.8218525
556 HOUGANG ST 51,1.379732,103.890204
502 BEDOK NTH ST 3,1.331641,103.9312118
275B JURONG WEST ST 25,1.3527275,103.7026275
230E TAMPINES ST 24,1.3560359,103.9510576
796 YISHUN RING RD,1.4195895,103.8337347
141 SERANGOON NTH AVE 2,1.3678445,103.8741506
687 JURONG WEST CTRL 1,1.3416104,103.7056588
653A JURONG WEST ST 61,1.3369442,103.6965653
185 BOON LAY AVE,1.3465136,103.7109779
201 HOUGANG ST 21,1.3577628,103.8836701
30 MARINE CRES,1.3042516,103.9111817
9 HAIG RD,1.3144554,103.8960236
403 HOUGANG AVE 10,1.3748932,103.8965009
101 BISHAN ST 12,1.3449091,103.8485047
121 MCNAIR RD,1.3177453,103.8566658
333D YISHUN ST 31,1.4319584,103.8461886
334 JURONG EAST AVE 1,1.3508692,103.7314783
304 CLEMENTI AVE 4,1.320917,103.7648521
313 WOODLANDS ST 31,1.4308364,103.7761548
4C ST. GEORGE'S LANE,1.3225507,103.8607343
42 CHAI CHEE ST,1.3279408,103.9257735
250 TAMPINES ST 21,1.3524937,103.9478227
495E TAMPINES ST 43,1.3641439,103.9524007
154 HOUGANG ST 11,1.3522129,103.8800095
374 CLEMENTI AVE 4,1.3190389,103.766889
268B PUNGGOL FIELD,1.4037424,103.8974751
457 ANG MO KIO AVE 10,1.3657393,103.8588092
114 ANG MO KIO AVE 4,1.372687,103.8359818
28D DOVER CRES,1.3062182,103.7823707
6 BOON KENG RD,1.3171154,103.8608346
418 PASIR RIS DR 6,1.3718396,103.9543271
508 BEDOK NTH AVE 3,1.3334266,103.9324355
287A JURONG EAST ST 21,1.3384261,103.7438056
68 CIRCUIT RD,1.325541,103.8880964
602 WOODLANDS DR 42,1.4381948,103.7963148
666 WOODLANDS RING RD,1.4382979,103.7974467
180 YUNG SHENG RD,1.3338678,103.7211787
442C FAJAR RD,1.381497,103.7709292
309A ANCHORVALE RD,1.391709,103.886047
33 TEBAN GDNS RD,1.320352,103.7417238
341 HOUGANG AVE 7,1.3705226,103.8985398
320 CLEMENTI AVE 4,1.3170708,103.7654405
786E WOODLANDS DR 60,1.4469377,103.8003185
59 CHAI CHEE RD,1.3248997,103.9202448
450A SENGKANG WEST WAY,1.394337,103.873502
466C SEMBAWANG DR,1.4559308,103.8129772
816 WOODLANDS ST 82,1.4420492,103.7900573
454 TAMPINES ST 42,1.3573197,103.9549843
392 TAMPINES AVE 7,1.3551282,103.9573188
220 TAMPINES ST 24,1.3556899,103.952038
335 TAMPINES ST 32,1.3524001,103.9606731
536 HOUGANG ST 52,1.377235,103.8893916
768 CHOA CHU KANG ST 54,1.3941614,103.7499608
19 TECK WHYE LANE,1.3794066,103.7528575
471B UPP SERANGOON CRES,1.3781143,103.9009254
419 BT BATOK WEST AVE 2,1.3621252,103.7462999
110C PUNGGOL FIELD,1.3954759,103.9100832
437 WOODLANDS ST 41,1.4269516,103.7746749
120 HO CHING RD,1.3353219,103.7239839
367 WOODLANDS AVE 5,1.4334852,103.7863546
483 CHOA CHU KANG AVE 5,1.3758855,103.7376734
549 HOUGANG ST 51,1.3787121,103.8914096
904 JURONG WEST ST 91,1.3402091,103.6859826
313A ANCHORVALE RD,1.3915621,103.8875181
221 PENDING RD,1.3753269,103.7734979
25 EUNOS CRES,1.3234693,103.9024755
411 TAMPINES ST 41,1.3591465,103.946259
357A ADMIRALTY DR,1.4499768,103.8170299
893A WOODLANDS DR 50,1.4367619,103.7906102
741 WOODLANDS CIRCLE,1.4443636,103.795862
882 WOODLANDS ST 82,1.4442487,103.7907008
624 ANG MO KIO AVE 4,1.3815302,103.8399673
537 BEDOK NTH ST 3,1.3317263,103.9240343
111 YISHUN RING RD,1.4332337,103.8285373
305A ANCHORVALE LINK,1.3884241,103.888255
138 YISHUN RING RD,1.4316474,103.8304342
791 YISHUN AVE 2,1.420502,103.8336268
546B SEGAR RD,1.3888204,103.7698499
227 SERANGOON AVE 4,1.3563085,103.8709071
854 TAMPINES ST 82,1.3529801,103.9366504
511 BT BATOK ST 52,1.3530173,103.7540343
373 HOUGANG ST 31,1.3626974,103.8903391
411 SEMBAWANG DR,1.45232,103.8180261
106 JLN DUSUN,1.328628,103.844134
392 BT BATOK WEST AVE 5,1.3658965,103.7533232
409 SEMBAWANG DR,1.4530588,103.8176987
222 LOR 8 TOA PAYOH,1.3417912,103.8559329
114 BISHAN ST 12,1.3476367,103.8484821
330 JURONG EAST AVE 1,1.3505981,103.7300514
545 BEDOK NTH ST 3,1.3301452,103.924142
104 JLN RAJAH,1.327917,103.8532832
791 WOODLANDS AVE 6,1.4427646,103.8021781
287 TAMPINES ST 22,1.3492182,103.9540551
129 ANG MO KIO AVE 3,1.3699275,103.842133
212B COMPASSVALE DR,1.3863354,103.9005335
175A PUNGGOL FIELD,1.3973208,103.9086726
25 TANGLIN HALT RD,1.297897,103.7997821
84 C'WEALTH CL,1.352083,103.819836
176 BISHAN ST 13,1.3482009,103.8537362
128 GEYLANG EAST AVE 1,1.3185818,103.8877115
102C PUNGGOL FIELD,1.3988179,103.905014
880 WOODLANDS ST 82,1.4438623,103.7924531
647 YISHUN ST 61,1.4226072,103.8372499
228 PASIR RIS ST 21,1.3721626,103.9615797
815 TAMPINES AVE 4,1.3473389,103.9374662
130 LOR AH SOO,1.3512962,103.8865335
536 ANG MO KIO AVE 10,1.374484,103.8542797
452 YISHUN RING RD,1.4220478,103.8447681
24 MARSILING DR,1.441578,103.772549
52 CHAI CHEE ST,1.3287732,103.9209698
107C EDGEFIELD PLAINS,1.3968849,103.9071942
564 ANG MO KIO AVE 3,1.3697651,103.8593528
606 SENJA RD,1.3813353,103.7614573
519A TAMPINES CTRL 8,1.3562505,103.9401179
209 YISHUN ST 21,1.4314085,103.8377028
481 SEMBAWANG DR,1.4528522,103.8150827
147 MEI LING ST,1.2943903,103.8044646
473D UPP SERANGOON CRES,1.3766934,103.9017568
102 TAMPINES ST 11,1.3467774,103.9458964
308 BT BATOK ST 31,1.3585281,103.7481278
335 WOODLANDS ST 32,1.4298425,103.7806149
409 JURONG WEST ST 42,1.3540606,103.7256133
113 BT BATOK WEST AVE 6,1.3488261,103.7451665
113 BISHAN ST 12,1.3472692,103.848641
322 TAH CHING RD,1.3370043,103.724618
131 MARSILING RISE,1.4384526,103.7782964
12 HOLLAND AVE,1.3095086,103.7945718
608 BEDOK RESERVOIR RD,1.3318917,103.9130849
632 PASIR RIS DR 3,1.3786825,103.9398456
170 ANG MO KIO AVE 4,1.3740017,103.8367065
809 YISHUN RING RD,1.4163363,103.8310907
2 BEDOK STH AVE 1,1.3193168,103.9434942
249 COMPASSVALE RD,1.391772,103.8991659
810B CHOA CHU KANG AVE 7,1.3744101,103.7455028
309 JURONG EAST ST 32,1.3476438,103.7342142
346 YISHUN AVE 11,1.4285114,103.8435
353B ADMIRALTY DR,1.4502191,103.8193846
269C COMPASSVALE LINK,1.383502,103.896391
353 YISHUN RING RD,1.4261543,103.8450399
359 YISHUN RING RD,1.4274704,103.8457645
44 SIMS DR,1.3165547,103.8777784
77 MARINE DR,1.3019995,103.9085536
968 HOUGANG AVE 9,1.378764,103.8784596
130 CLARENCE LANE,1.2921957,103.8140089
192 BT BATOK WEST AVE 6,1.345697,103.7447811
102 BISHAN ST 12,1.3450971,103.8479776
263 BT BATOK EAST AVE 4,1.3503148,103.7591312
180A BOON LAY DR,1.3475808,103.7084267
752 PASIR RIS ST 71,1.3778934,103.9346534
239 PASIR RIS ST 21,1.3732503,103.9633929
2 JLN BT HO SWEE,1.2873461,103.831838
389 YISHUN AVE 6,1.4296553,103.8483915
66 MARINE DR,1.3039673,103.9097317
358 HOUGANG AVE 5,1.3689135,103.8954831
133 LOR AH SOO,1.3507047,103.8875301
482 PASIR RIS DR 4,1.3737851,103.9596759
265B COMPASSVALE LINK,1.38223,103.895741
483 PASIR RIS DR 4,1.374077,103.9598572
488 SEGAR RD,1.3894877,103.7712567
338 UBI AVE 1,1.3261736,103.9022099
844 WOODLANDS AVE 4,1.4439215,103.7931682
271C JURONG WEST ST 24,1.3501862,103.7043753
218 SERANGOON AVE 4,1.3579657,103.8721298
220 JURONG EAST ST 21,1.341099,103.7374697
142 BT BATOK ST 11,1.3499693,103.743006
534 JELAPANG RD,1.3845639,103.76406
812 YISHUN RING RD,1.4169893,103.8322682
181 JELEBU RD,1.3792737,103.7629963
177 ANG MO KIO AVE 4,1.3758993,103.8379745
146 YISHUN ST 11,1.4309661,103.832538
135 CASHEW RD,1.3740347,103.7688807
818 TAMPINES ST 81,1.3479276,103.9369223
648 ANG MO KIO AVE 5,1.3782816,103.8432996
59 JLN MA'MOR,1.3281222,103.8571542
339 HOUGANG AVE 7,1.3701195,103.8985851
459 ANG MO KIO AVE 10,1.3671103,103.8594004
40 TANGLIN HALT RD,1.2980803,103.7985786
833 YISHUN ST 81,1.4144105,103.8341703
205 TAMPINES ST 21,1.3517191,103.9519701
113 LOR 3 GEYLANG,1.3118821,103.8739675
121 YISHUN ST 11,1.4343765,103.830164
35 JLN RUMAH TINGGI,1.2879853,103.8087887
128 BEDOK NTH ST 2,1.3336937,103.9319611
208B PUNGGOL PL,1.4014428,103.9011933
637A PUNGGOL DR,1.3995632,103.9145446
5 REDHILL CL,1.2846095,103.8176185
660 CHOA CHU KANG CRES,1.4010562,103.7498703
19 CHAI CHEE RD,1.3275221,103.9222387
632 WOODLANDS RING RD,1.4359043,103.8017706
706 PASIR RIS DR 10,1.3809443,103.938282
851 HOUGANG CTRL,1.3701288,103.8937044
232 SIMEI ST 4,1.3442224,103.9573188
17 TECK WHYE LANE,1.3792536,103.7539437
860 WOODLANDS ST 83,1.4394237,103.7939197
607 SENJA RD,1.3823605,103.7616383
484 SEGAR RD,1.3885318,103.7718683
62 NEW UPP CHANGI RD,1.3233233,103.9400042
547 BEDOK NTH ST 3,1.3302438,103.9251765
163A RIVERVALE CRES,1.3898099,103.9090347
456 JURONG WEST ST 41,1.3507292,103.7200056
311B CLEMENTI AVE 4,1.3194852,103.7656216
717 YISHUN ST 71,1.4258832,103.8280907
684C CHOA CHU KANG CRES,1.4046186,103.7472555
11 REDHILL CL,1.2855974,103.8162611
706 YISHUN AVE 5,1.4288939,103.8290076
170 HOUGANG AVE 1,1.3515364,103.889297
426 BEDOK NTH RD,1.329789,103.9288099
281 CHOA CHU KANG AVE 3,1.3805676,103.7424479
12 PINE CL,1.3085102,103.8822747
309D ANCHORVALE RD,1.3909243,103.8856331
692 HOUGANG ST 61,1.3766358,103.8868052
178 ANG MO KIO AVE 4,1.376337,103.8369993
685C JURONG WEST CTRL 1,1.3418433,103.7050262
231 JURONG EAST ST 21,1.3411873,103.7380354
875 YISHUN ST 81,1.4148379,103.8362536
55 CHAI CHEE DR,1.3271729,103.9193384
401 CHOA CHU KANG AVE 3,1.3784012,103.7388853
106 RIVERVALE WALK,1.3826375,103.9001257
770 BEDOK RESERVOIR VIEW,1.3360637,103.938282
26 JLN KLINIK,1.288261,103.8283736
453D FERNVALE RD,1.3934239,103.8755991
6 TEBAN GDNS RD,1.321143,103.7442582
105 JLN RAJAH,1.328592,103.8540028
242 SIMEI ST 5,1.3434535,103.9542591
734 TAMPINES ST 71,1.3580454,103.9342936
602 CHOA CHU KANG ST 62,1.3972382,103.744394
123 BISHAN ST 12,1.3465292,103.8504832
113 C'WEALTH CRES,1.352083,103.819836
551 ANG MO KIO AVE 10,1.3739454,103.858628
167B SIMEI LANE,1.3432198,103.9589604
81 REDHILL LANE,1.288113,103.8193408
693 JURONG WEST CTRL 1,1.3426687,103.7063375
15 FARRER PK RD,1.3110963,103.8517432
561 CHOA CHU KANG NTH 6,1.3958782,103.7448922
528 HOUGANG AVE 6,1.3751473,103.8907015
430A FERNVALE LINK,1.3939062,103.8784692
554 BEDOK NTH ST 3,1.3326826,103.9282207
350C CANBERRA RD,1.4498826,103.8203808
105 TECK WHYE LANE,1.3776457,103.753129
207 CHOA CHU KANG CTRL,1.3811232,103.7476978
637 JURONG WEST ST 61,1.3414719,103.6978317
121A RIVERVALE DR,1.3867832,103.9052911
201 BT BATOK ST 21,1.3457336,103.7479719
357 ADMIRALTY DR,1.4499623,103.8164186
679C JURONG WEST CTRL 1,1.3440121,103.7064526
664B PUNGGOL DR,1.4001006,103.9178203
709 BEDOK RESERVOIR RD,1.3353499,103.9225106
156 BISHAN ST 13,1.3453929,103.856635
437 FAJAR RD,1.382314,103.7695145
66 LOR 4 TOA PAYOH,1.3350292,103.8517446
629 SENJA RD,1.3865534,103.7592846
281 TAMPINES ST 22,1.3471784,103.9524233
248 BT BATOK EAST AVE 5,1.3502993,103.7564817
548 BEDOK NTH AVE 1,1.3313002,103.9268611
759 JURONG WEST ST 74,1.3500159,103.6995283
689C WOODLANDS DR 75,1.444873,103.8084491
158A RIVERVALE CRES,1.38875,103.906885
773 YISHUN AVE 3,1.4232207,103.8329022
275B COMPASSVALE LINK,1.383235,103.894541
132 YISHUN ST 11,1.432856,103.831298
459 SEGAR RD,1.3877257,103.7717776
705 WOODLANDS DR 40,1.4398113,103.7960431
547 WOODLANDS DR 16,1.430215,103.793055
317 WOODLANDS ST 31,1.4318594,103.776214
647 JLN TENAGA,1.3317559,103.9057894
231 BT BATOK EAST AVE 5,1.3491948,103.7542864
808 TAMPINES AVE 4,1.346469,103.9360159
417 PASIR RIS DR 6,1.3719791,103.9555056
145 POTONG PASIR AVE 2,1.3323852,103.8660583
433 TAMPINES ST 43,1.3590631,103.9510862
241 SERANGOON AVE 3,1.3532954,103.8700432
125 LOR 1 TOA PAYOH,1.3383213,103.8458101
578 WOODLANDS DR 16,1.4315535,103.796179
219 PETIR RD,1.3742328,103.7725926
662 WOODLANDS RING RD,1.4355419,103.7980353
40 TELOK BLANGAH RISE,1.2722113,103.8232113
682 CHOA CHU KANG CRES,1.4026964,103.7454349
116A RIVERVALE DR,1.3826342,103.9024369
733 JURONG WEST ST 73,1.3453969,103.7000712
451 TAMPINES ST 42,1.3565382,103.9540551
51 KENT RD,1.3167017,103.851097
764 JURONG WEST ST 74,1.3496012,103.6983746
364 TAMPINES ST 34,1.3569978,103.9599252
550B SEGAR RD,1.3899567,103.7672938
101 SERANGOON NTH AVE 1,1.3710662,103.8703137
107A EDGEFIELD PLAINS,1.397341,103.9068769
345 WOODLANDS ST 32,1.4322939,103.7801755
44 TELOK BLANGAH DR,1.2714028,103.8106225
577 ANG MO KIO AVE 10,1.3718914,103.8559706
850 HOUGANG CTRL,1.3699984,103.8933162
3 HOLLAND CL,1.3081838,103.794932
323 BT BATOK ST 33,1.3611836,103.748241
188 PASIR RIS ST 12,1.3652686,103.9591611
203 TOA PAYOH NTH,1.3420893,103.8491297
101 ANG MO KIO AVE 3,1.3702489,103.8394238
669D JURONG WEST ST 64,1.3434194,103.7031704
104 PASIR RIS ST 12,1.3677562,103.9595229
403 TAMPINES ST 41,1.3574887,103.9449219
327 HOUGANG AVE 5,1.3682721,103.8963264
183C BOON LAY AVE,1.3485931,103.7092363
92 C'WEALTH DR,1.296245,103.799522
718 JURONG WEST ST 71,1.3437219,103.6972445
488A TAMPINES AVE 9,1.3601854,103.9563215
483 JURONG WEST ST 41,1.3473949,103.7253418
127 ANG MO KIO AVE 3,1.3711757,103.8437717
450D TAMPINES ST 42,1.3571308,103.9528766
681A WOODLANDS DR 62,1.4395436,103.8037402
513 HOUGANG AVE 10,1.3721471,103.8896899
130 BEDOK RESERVOIR RD,1.3335058,103.9123599
116 PENDING RD,1.3771865,103.7687015
760 PASIR RIS ST 71,1.3767998,103.9331153
808 WOODLANDS ST 81,1.4424364,103.7869884
365 TAMPINES ST 34,1.3576164,103.9605598
350 TAMPINES ST 33,1.3529384,103.9624947
291 BISHAN ST 24,1.356087,103.8451716
8B BOON TIONG RD,1.2870984,103.8303435
684C JURONG WEST ST 64,1.3436301,103.7045204
23B QUEEN'S CL,1.293681,103.8004802
926 JURONG WEST ST 92,1.3404958,103.6891455
504 CHOA CHU KANG ST 51,1.3891451,103.7426289
535 ANG MO KIO AVE 5,1.3745632,103.8532832
43 LOR 5 TOA PAYOH,1.3374106,103.8537719
111 MCNAIR RD,1.3213757,103.8582657
334A YISHUN ST 31,1.4326242,103.8454922
270 BISHAN ST 24,1.3569751,103.8420929
219 ANG MO KIO AVE 1,1.3659933,103.8405108
617 YISHUN RING RD,1.419368,103.835207
209 BT BATOK ST 21,1.3454729,103.7487412
317C ANCHORVALE RD,1.3934847,103.8883806
18 EUNOS CRES,1.3238223,103.9044705
854 JURONG WEST ST 81,1.3473154,103.6961112
333D ANCHORVALE LINK,1.3941979,103.8921949
768 PASIR RIS ST 71,1.3751647,103.9353396
816B KEAT HONG LINK,1.3759208,103.7484053
913 HOUGANG ST 91,1.3780741,103.8838366
559 CHOA CHU KANG NTH 6,1.3960016,103.7446584
306 JURONG EAST ST 32,1.3462206,103.7345986
304 SHUNFU RD,1.3502478,103.8381382
637 ANG MO KIO AVE 6,1.3803431,103.842413
165 YISHUN RING RD,1.4358288,103.8318833
717 BEDOK RESERVOIR RD,1.3375619,103.9254634
120 BT BATOK CTRL,1.3510103,103.7475202
469C SENGKANG WEST WAY,1.3961742,103.8774688
124 PASIR RIS ST 11,1.3657889,103.9543517
463C SEMBAWANG DR,1.4561507,103.8144873
748 JURONG WEST ST 73,1.3477777,103.6981061
118 BT BATOK WEST AVE 6,1.350307,103.7462041
108 C'WEALTH CRES,1.352083,103.819836
323B SENGKANG EAST WAY,1.3920612,103.8927856
469 CHOA CHU KANG AVE 3,1.3777383,103.7373792
843 WOODLANDS ST 82,1.4431347,103.7927834
672 CHOA CHU KANG CRES,1.4021705,103.7475168
243 BT BATOK EAST AVE 5,1.349733,103.7562327
339 JURONG EAST AVE 1,1.3494724,103.7315219
231 YISHUN ST 21,1.4341922,103.8370094
231 BISHAN ST 23,1.3573145,103.8458667
417 JURONG WEST ST 42,1.3513474,103.7271553
420 BEDOK NTH ST 1,1.3277041,103.9287646
707 CLEMENTI WEST ST 2,1.3063299,103.7623626
987C JURONG WEST ST 93,1.3366594,103.6951174
291D COMPASSVALE ST,1.3968236,103.8984852
63 MARINE DR,1.3023881,103.9092324
47 MARINE CRES,1.3054892,103.9121786
95 WHAMPOA DR,1.3221923,103.856181
171 WOODLANDS ST 11,1.4339862,103.7764856
883 TAMPINES ST 84,1.351868,103.932798
618 YISHUN RING RD,1.4188027,103.8356195
134 JLN BT MERAH,1.2789612,103.8276263
21 TELOK BLANGAH CRES,1.2766836,103.8208603
212A PUNGGOL WALK,1.3999944,103.8990156
709 ANG MO KIO AVE 8,1.3711528,103.8476668
34 MARSILING DR,1.4439975,103.7719589
165 BEDOK STH RD,1.3202925,103.9460775
2 LOR 7 TOA PAYOH,1.339877,103.8530454
141 JLN BT MERAH,1.2771799,103.8288803
501C WELLINGTON CIRCLE,1.451691,103.8217619
12 MARSILING LANE,1.4410804,103.7792735
112 LENGKONG TIGA,1.3234731,103.9112703
426B YISHUN AVE 11,1.422938,103.8460382
406A FERNVALE RD,1.3886388,103.8742736
157 ANG MO KIO AVE 4,1.3753755,103.8394846
486B TAMPINES AVE 9,1.3591538,103.9567813
169 HOUGANG AVE 1,1.3514713,103.8898496
232 PENDING RD,1.3764327,103.7724115
3 TG PAGAR PLAZA,1.2751922,103.8413787
279 TOH GUAN RD,1.3407517,103.7469737
523 CHOA CHU KANG ST 51,1.3917043,103.740796
769 WOODLANDS DR 60,1.4469886,103.7987597
764 BEDOK RESERVOIR VIEW,1.3359341,103.9353813
17 BEACH RD,1.3037251,103.8635476
62 CIRCUIT RD,1.3262946,103.8871327
85C LOR 4 TOA PAYOH,1.3363688,103.8474016
186 BOON LAY AVE,1.3456807,103.7112707
673A JURONG WEST ST 65,1.3442418,103.7011817
787B WOODLANDS CRES,1.4442589,103.800933
139A LOR 1A TOA PAYOH,1.3363236,103.8439085
753 WOODLANDS CIRCLE,1.4457669,103.7945038
6 MARSILING DR,1.4419885,103.7763046
22 ST. GEORGE'S RD,1.3251949,103.8624221
237 BT PANJANG RING RD,1.3785505,103.7707197
204 YISHUN ST 21,1.4306109,103.836163
117 YISHUN RING RD,1.4355797,103.827649
333 JURONG EAST AVE 1,1.3513059,103.7309684
262 WATERLOO ST,1.29865,103.851657
361 BT BATOK ST 31,1.3607022,103.7509697
159 JLN TECK WHYE,1.3801535,103.7560924
200D SENGKANG EAST RD,1.3871669,103.8932161
638 CHOA CHU KANG ST 64,1.3977648,103.7483315
666 YISHUN AVE 4,1.4188467,103.8404202
347 UBI AVE 1,1.3257118,103.8998085
266B COMPASSVALE BOW,1.3826507,103.8970567
1 LOR 7 TOA PAYOH,1.3394079,103.8534644
325 ANG MO KIO AVE 3,1.3679324,103.8471233
453A FERNVALE RD,1.3938878,103.875434
33 TAMAN HO SWEE,1.288087,103.8309623
815A CHOA CHU KANG AVE 7,1.3761986,103.74677
299 BT BATOK ST 22,1.3442739,103.7470663
225 SIMEI ST 4,1.3423933,103.9572281
251 CHOA CHU KANG AVE 2,1.3783006,103.7445976
833 TAMPINES ST 83,1.3506529,103.9340217
241 JURONG EAST ST 24,1.3415069,103.742991
143 PASIR RIS ST 11,1.3620627,103.9607638
217A SUMANG WALK,1.4029689,103.895051
651 PASIR RIS DR 10,1.379205,103.938214
631 ANG MO KIO AVE 4,1.3795472,103.8406919
18 LOR 7 TOA PAYOH,1.3358021,103.8567256
206 TOA PAYOH NTH,1.342248,103.8465571
236 PASIR RIS ST 21,1.3745002,103.962577
730 WOODLANDS CIRCLE,1.4425161,103.7978542
157 PASIR RIS ST 13,1.3644494,103.962645
103A DEPOT RD,1.2809284,103.8130871
665A JURONG WEST ST 64,1.3399753,103.7033514
841 WOODLANDS ST 82,1.443509,103.7916062
318 SEMBAWANG VISTA,1.4464573,103.8201497
440C FERNVALE LINK,1.3925706,103.8781754
118C JLN MEMBINA,1.2823678,103.8263583
111 SERANGOON NTH AVE 1,1.3690703,103.8704669
53 TEBAN GDNS RD,1.3214129,103.7375712
855 TAMPINES ST 83,1.3534648,103.9353937
147 BEDOK RESERVOIR RD,1.3349004,103.9116349
636 PASIR RIS DR 1,1.3769177,103.9409787
701 YISHUN AVE 5,1.4299228,103.8287358
623 HOUGANG AVE 8,1.3705899,103.8821868
817C KEAT HONG LINK,1.3766787,103.7492819
151 TAMPINES ST 12,1.3514004,103.9439021
432 CHOA CHU KANG AVE 4,1.3846223,103.7417917
498B TAMPINES ST 45,1.3610514,103.958546
2 ST. GEORGE'S RD,1.3234305,103.8607668
142 BISHAN ST 12,1.3454839,103.853555
64 NEW UPP CHANGI RD,1.3242773,103.9399081
584 PASIR RIS ST 53,1.3745433,103.9463692
337 BT BATOK ST 34,1.363158,103.7489651
486A TAMPINES AVE 9,1.3599235,103.9572734
101 JURONG EAST ST 13,1.3370698,103.7388277
11 UPP BOON KENG RD,1.3142619,103.8708812
230 BT BATOK EAST AVE 3,1.3477621,103.754939
120 LOR 2 TOA PAYOH,1.3391609,103.8454928
4 JOO CHIAT RD,1.3154329,103.8981231
12 MARINE TER,1.3046648,103.9157132
751 JURONG WEST ST 73,1.347625,103.6991919
609 BT PANJANG RING RD,1.3830942,103.7615478
233 BISHAN ST 22,1.3585805,103.8455006
115 BEDOK NTH RD,1.3313891,103.9368316
101 TOWNER RD,1.3193077,103.8609838
135 LOR AH SOO,1.3501237,103.8867146
228 BT BATOK CTRL,1.3486667,103.7536294
523 BT BATOK ST 52,1.3566894,103.7524954
172 BT BATOK WEST AVE 8,1.3457888,103.740635
756 JURONG WEST ST 74,1.349356,103.7007533
304 YISHUN CTRL,1.4305307,103.8402617
10 CHAI CHEE RD,1.3273167,103.9245068
128A PUNGGOL FIELD WALK,1.3934819,103.9124505
402 ADMIRALTY LINK,1.4538569,103.8156869
605 JURONG WEST ST 62,1.3385902,103.6995619
133 RIVERVALE ST,1.388716,103.903524
466 CRAWFORD LANE,1.3050779,103.8625893
203 MARSILING DR,1.4437353,103.7744338
311 YISHUN RING RD,1.4314061,103.8410769
272C SENGKANG CTRL,1.3844714,103.8936465
103A EDGEFIELD PLAINS,1.3982917,103.904838
7 LOR 7 TOA PAYOH,1.3379971,103.8572641
288E BT BATOK ST 25,1.3454504,103.7590155
412 ANG MO KIO AVE 10,1.3639288,103.8552762
432B SENGKANG WEST WAY,1.3939569,103.877224
157 BISHAN ST 13,1.3459049,103.8567256
664 CHOA CHU KANG CRES,1.4022811,103.7504813
416C FERNVALE LINK,1.3898621,103.8806438
460 CLEMENTI AVE 3,1.3113104,103.7668663
681B WOODLANDS DR 62,1.4393262,103.8032874
62 LOR 4 TOA PAYOH,1.3362748,103.8514672
467 NTH BRIDGE RD,1.3052528,103.8629195
141 LOR 2 TOA PAYOH,1.3358667,103.8454928
121 BEDOK RESERVOIR RD,1.3313246,103.909913
407 BT BATOK WEST AVE 4,1.3647887,103.745797
126 LOR 1 TOA PAYOH,1.3378453,103.8451304
111 WOODLANDS ST 13,1.4379153,103.7820991
5 DOVER CRES,1.3040211,103.7827329
336 ANG MO KIO AVE 1,1.3635804,103.8518393
34 TANGLIN HALT RD,1.2968925,103.7984201
804 WOODLANDS ST 81,1.4400818,103.7878938
302 ANG MO KIO AVE 3,1.3670437,103.8456513
518 CHOA CHU KANG ST 51,1.3907584,103.7426289
157 YISHUN ST 11,1.4323108,103.8341703
76 LOR LIMAU,1.3252261,103.85426
225 SERANGOON AVE 4,1.3568838,103.8701338
24 SIN MING RD,1.3552091,103.8363302
185B RIVERVALE CRES,1.3927835,103.9067411
887 TAMPINES ST 81,1.3504461,103.9318463
718 PASIR RIS ST 72,1.3824756,103.9364011
173 LOR 1 TOA PAYOH,1.3300248,103.8425052
404B FERNVALE LANE,1.3882477,103.8735306
108 BT PURMEI RD,1.2734415,103.8254768
324 CLEMENTI AVE 5,1.3150911,103.7660743
426 CLEMENTI AVE 3,1.3115888,103.7641731
47 LOR 6 TOA PAYOH,1.3369237,103.8540048
746 WOODLANDS CIRCLE,1.4425323,103.7952282
352 WOODLANDS AVE 1,1.4317355,103.7844532
244 JURONG EAST ST 24,1.3426102,103.7421764
640 PASIR RIS DR 1,1.3758223,103.9404348
748 WOODLANDS CIRCLE,1.4453219,103.7952282
43 BENDEMEER RD,1.3210849,103.8658104
309 SERANGOON AVE 2,1.3539094,103.865332
403 FAJAR RD,1.3811496,103.7680659
423 CHOA CHU KANG AVE 4,1.3820462,103.7403661
756 WOODLANDS AVE 4,1.4457024,103.793055
310 HOUGANG AVE 5,1.3663327,103.8962016
2 LOR LEW LIAN,1.3504563,103.8751735
725 YISHUN ST 71,1.427049,103.8307285
468C FERNVALE LINK,1.3967331,103.8776721
452 FAJAR RD,1.385598,103.7718993
407B FERNVALE RD,1.3889896,103.8752331
638 WOODLANDS RING RD,1.4371982,103.8031968
613 WOODLANDS AVE 4,1.4343564,103.7968807
619 WOODLANDS DR 52,1.4333578,103.7982231
333 SEMBAWANG CL,1.4469712,103.8163506
962 HOUGANG AVE 9,1.3777853,103.878288
210 BOON LAY PL,1.34798,103.7127625
366 CORPORATION DR,1.3381424,103.7197081
94 C'WEALTH DR,1.296245,103.799522
81B LOR 4 TOA PAYOH,1.3359802,103.8497523
468A ADMIRALTY DR,1.4506388,103.8138828
87 ZION RD,1.2906687,103.8326532
621 JURONG WEST ST 65,1.3410041,103.6995736
216 ANG MO KIO AVE 1,1.3662074,103.8414177
587 ANG MO KIO AVE 3,1.370236,103.852422
480 JURONG WEST ST 41,1.3468209,103.7244394
496B TAMPINES ST 43,1.3615524,103.9510862
408 PASIR RIS DR 6,1.3732354,103.9536018
12 TELOK BLANGAH CRES,1.2771955,103.8196789
289E BT BATOK ST 25,1.344131,103.7591961
633 PASIR RIS DR 3,1.3780547,103.9407067
258 SERANGOON CTRL DR,1.3550072,103.8726685
15 BEDOK STH RD,1.3208647,103.9355622
14 TECK WHYE LANE,1.3784771,103.7557014
334 WOODLANDS ST 32,1.4300719,103.7804694
661 HOUGANG AVE 4,1.3741024,103.8826396
593B MONTREAL LINK,1.4516913,103.8279183
75 WHAMPOA DR,1.3244305,103.8582094
705 CHOA CHU KANG ST 53,1.3904468,103.7457065
509A WELLINGTON CIRCLE,1.4529803,103.8205832
625 BT BATOK CTRL,1.3512218,103.7487876
772 BEDOK RESERVOIR VIEW,1.3365053,103.9378287
899C WOODLANDS DR 50,1.4365117,103.7954998
679A JURONG WEST CTRL 1,1.3442905,103.7057967
546 SERANGOON NTH AVE 3,1.3662874,103.8725945
749 PASIR RIS ST 71,1.3782484,103.9343276
108 MCNAIR RD,1.3215146,103.8596248
134 EDGEDALE PLAINS,1.3940071,103.9101122
367 TAMPINES ST 34,1.3581446,103.9602324
450E TAMPINES ST 42,1.357569,103.9530579
224 SERANGOON AVE 4,1.3572417,103.8707693
16 UPP BOON KENG RD,1.3155916,103.8718552
669C JURONG WEST ST 64,1.3433487,103.702718
51 TELOK BLANGAH DR,1.2735257,103.8100806
320 SEMBAWANG CL,1.4465895,103.8187053
216 YISHUN ST 21,1.4323697,103.8365253
590C MONTREAL LINK,1.4498167,103.8266701
1A WOODLANDS CTR RD,1.4418028,103.7706914
185D RIVERVALE CRES,1.3938857,103.9063452
561 ANG MO KIO AVE 10,1.3705796,103.8579033
526 JELAPANG RD,1.3854385,103.7651454
354B ADMIRALTY DR,1.4503887,103.8186827
85 WHAMPOA DR,1.322818,103.8564166
468D ADMIRALTY DR,1.4508551,103.8145167
361 YUNG AN RD,1.3359953,103.7205452
232 LOR 8 TOA PAYOH,1.3375528,103.8588086
269 TOH GUAN RD,1.3414186,103.7456159
126 BT MERAH VIEW,1.2847434,103.8231658
403B FERNVALE LANE,1.388881,103.872916
503 BEDOK NTH ST 3,1.3314692,103.9324581
979 JURONG WEST ST 93,1.3395399,103.6943514
871B TAMPINES ST 86,1.3565033,103.9319596
576 ANG MO KIO AVE 10,1.371447,103.8547863
185 BEDOK NTH RD,1.3261717,103.94082
180B RIVERVALE CRES,1.3899096,103.9093692
9 HOLLAND AVE,1.3074653,103.794866
177 WOODLANDS ST 13,1.4343434,103.7780253
410 CHOA CHU KANG AVE 3,1.3805735,103.7414522
638B PUNGGOL DR,1.3999676,103.9152164
264 JURONG EAST ST 24,1.3437201,103.7414541
680C JURONG WEST CTRL 1,1.3451702,103.7057064
81 LOR 4 TOA PAYOH,1.3354684,103.8503861
106 SPOTTISWOODE PK RD,1.2736078,103.8340797
741 TAMPINES ST 72,1.359975,103.933002
498M TAMPINES ST 45,1.36169,103.957859
347 CLEMENTI AVE 5,1.3171692,103.770714
38C BENDEMEER RD,1.3213337,103.8669033
418 ANG MO KIO AVE 10,1.365035,103.8540079
801 TAMPINES AVE 4,1.3471997,103.9380066
405 HOUGANG AVE 10,1.3741064,103.8963876
498H TAMPINES ST 45,1.362981,103.957455
219 TAMPINES ST 24,1.3547898,103.9526046
69 REDHILL CL,1.2870113,103.816328
112 TECK WHYE LANE,1.3775065,103.7518617
275A BISHAN ST 24,1.3566732,103.8435
359C ADMIRALTY DR,1.449331,103.8146299
458 PASIR RIS DR 4,1.3714416,103.9596759
168A QUEENSWAY,1.2889869,103.8031611
522 HOUGANG AVE 6,1.3737485,103.8918795
32 MARSILING DR,1.443378,103.7727924
915 HOUGANG ST 91,1.377597,103.8838927
53 LOR 5 TOA PAYOH,1.3377393,103.8508373
312 YISHUN RING RD,1.431533,103.841326
100 WHAMPOA DR,1.3207416,103.8543717
259 TAMPINES ST 21,1.3550981,103.9499757
137 YISHUN RING RD,1.4320036,103.8300215
168 STIRLING RD,1.2899558,103.8032775
75 MARINE DR,1.3033037,103.9074434
615 CHOA CHU KANG ST 62,1.4008648,103.7450728
117 BT BATOK WEST AVE 6,1.3498771,103.7471128
267A COMPASSVALE LINK,1.3831538,103.8977765
4 QUEEN'S RD,1.3193338,103.8084474
686A JURONG WEST CTRL 1,1.3417637,103.7047017
787D WOODLANDS CRES,1.4454474,103.8016348
173B PUNGGOL FIELD,1.3965915,103.9099755
193 RIVERVALE DR,1.3935452,103.9019381
4 BEDOK STH AVE 1,1.3224834,103.9333872
884 TAMPINES ST 83,1.3515762,103.9326168
427 PASIR RIS DR 6,1.3703105,103.9559362
34 MARINE CRES,1.303843,103.9123146
3A HOLLAND CL,1.3081838,103.794932
356 CLEMENTI AVE 2,1.3139719,103.7698766
909 HOUGANG ST 91,1.3784911,103.8828184
764 CHOA CHU KANG NTH 5,1.3932125,103.7492367
603 WOODLANDS DR 42,1.4377516,103.7967676
549 SERANGOON NTH AVE 3,1.3646758,103.8722366
717 TAMPINES ST 72,1.3588465,103.9350188
719 YISHUN ST 71,1.4268716,103.8291741
852 TAMPINES ST 82,1.3526883,103.9364691
684B CHOA CHU KANG CRES,1.4038764,103.7472574
411 PANDAN GDNS,1.318933,103.7467021
544 JELAPANG RD,1.381961,103.7640604
206 CLEMENTI AVE 6,1.3214811,103.7621815
242 YISHUN RING RD,1.4329338,103.840239
261 YISHUN ST 22,1.4350669,103.8388764
140 RIVERVALE ST,1.3892469,103.9037958
524 CHOA CHU KANG ST 51,1.3915737,103.7411807
661A EDGEDALE PLAINS,1.4030376,103.9170938
538 HOUGANG ST 52,1.3778597,103.8904297
79A TOA PAYOH CTRL,1.3347893,103.8478613
473 SEGAR RD,1.3883103,103.7721399
727 YISHUN ST 71,1.4263142,103.8309096
71 LOR 4 TOA PAYOH,1.3341479,103.8522917
760 YISHUN ST 72,1.4257896,103.8327211
617 CHOA CHU KANG NTH 7,1.400491,103.7462496
567 CHOA CHU KANG ST 52,1.3948458,103.7458875
575 PASIR RIS ST 53,1.3733518,103.9463496
316A ANG MO KIO ST 31,1.3646699,103.8470904
353 ANG MO KIO ST 32,1.3640681,103.8515967
409 TAMPINES ST 41,1.3591307,103.9451765
99A LOR 2 TOA PAYOH,1.3387438,103.8466738
273A BISHAN ST 24,1.3559579,103.8437038
207 BT BATOK ST 21,1.3462541,103.7493629
254 BT BATOK EAST AVE 4,1.3497044,103.7580206
927 HOUGANG ST 91,1.3766716,103.8807268
270A PUNGGOL FIELD,1.4039414,103.8995928
423 TAMPINES ST 41,1.3571596,103.9479813
221 BISHAN ST 23,1.3580814,103.8487403
107D EDGEFIELD PLAINS,1.3963545,103.9078834
538 SERANGOON NTH AVE 4,1.3749128,103.8733494
644 HOUGANG AVE 8,1.3713988,103.8814585
621 WOODLANDS DR 52,1.4339273,103.7980353
432 CLEMENTI AVE 3,1.3140671,103.762702
583 WOODLANDS DR 16,1.4304947,103.7953187
5A MARSILING DR,1.4401537,103.7754242
467B ADMIRALTY DR,1.4516672,103.8137922
186D RIVERVALE DR,1.3933838,103.9053572
762 PASIR RIS ST 71,1.3757689,103.9340217
611 CLEMENTI WEST ST 1,1.3038022,103.7695145
122A SENGKANG EAST WAY,1.3865708,103.9060492
261 JURONG EAST ST 24,1.3445315,103.7404587
988C BUANGKOK GREEN,1.3803442,103.8773826
601 WOODLANDS DR 42,1.4387069,103.7965865
151 YUNG HO RD,1.3268305,103.7216312
824 WOODLANDS ST 81,1.4394339,103.7886632
431 CLEMENTI AVE 3,1.313793,103.7626341
138 BT BATOK WEST AVE 6,1.3502232,103.7442615
477 SEMBAWANG DR,1.4520717,103.8166223
95 BEDOK NTH AVE 4,1.3338112,103.9418625
417 ANG MO KIO AVE 10,1.3651212,103.8549631
46 JLN BT HO SWEE,1.2882996,103.8261691
556 JURONG WEST ST 42,1.3535931,103.7177397
210 YISHUN ST 21,1.431329,103.8386992
625 YISHUN ST 61,1.4180647,103.8363441
283 BT BATOK EAST AVE 3,1.3472903,103.7574769
286A TOH GUAN RD,1.3387814,103.7457065
108 LOR 1 TOA PAYOH,1.3415664,103.8473045
840 WOODLANDS ST 82,1.4437982,103.7923306
85B LOR 4 TOA PAYOH,1.3363082,103.8477195
713 BEDOK RESERVOIR RD,1.336814,103.92242
421 TAMPINES ST 41,1.3575283,103.9475281
421 CANBERRA RD,1.4528231,103.8196662
185 JELEBU RD,1.3792779,103.762272
228 JURONG EAST ST 21,1.3425833,103.7363501
134 POTONG PASIR AVE 3,1.3345026,103.8663286
208 TAMPINES ST 21,1.3512003,103.9530579
352 CHOA CHU KANG CTRL,1.3830561,103.743172
702 CHOA CHU KANG ST 53,1.3916223,103.7453444
208 JURONG EAST ST 21,1.3384729,103.7426744
505 CHOA CHU KANG ST 51,1.389056,103.742199
286A COMPASSVALE CRES,1.3976034,103.8957685
810 JURONG WEST ST 81,1.3469858,103.6956628
183 TOA PAYOH CTRL,1.3333603,103.8488455
269 BT BATOK EAST AVE 4,1.3485983,103.7592877
201 PETIR RD,1.3719132,103.7752688
115 BT PURMEI RD,1.2753564,103.8268859
114 TAMPINES ST 11,1.345967,103.9468029
211 BOON LAY PL,1.3482673,103.7137579
761 JURONG WEST ST 74,1.34918,103.6995314
130 BT MERAH VIEW,1.2848284,103.8244801
885 TAMPINES ST 83,1.3511359,103.932798
319B ANCHORVALE DR,1.3915634,103.8902484
233 BT BATOK EAST AVE 5,1.34725,103.7494584
182 BISHAN ST 13,1.3500867,103.8530826
741 PASIR RIS ST 71,1.3777502,103.9364917
110 BISHAN ST 12,1.347495,103.8476668
63B LENGKOK BAHRU,1.2893639,103.8155303
259 YISHUN ST 22,1.43494,103.8392064
348 ANG MO KIO AVE 3,1.3661727,103.8478469
175A YUNG KUANG RD,1.3321786,103.7214497
21 EUNOS CRES,1.3251067,103.9032521
710 YISHUN AVE 5,1.4282459,103.827529
1 MARSILING DR,1.4406299,103.7757377
663 BUFFALO RD,1.3056666,103.8508537
482 SEGAR RD,1.3891895,103.7722305
633 CHOA CHU KANG NTH 6,1.3967131,103.7492294
786C WOODLANDS DR 60,1.4458899,103.8013178
765 WOODLANDS CIRCLE,1.4459555,103.7966544
879B TAMPINES AVE 8,1.3514896,103.9289571
493D TAMPINES ST 43,1.3623906,103.9517208
413 HOUGANG AVE 10,1.3746045,103.895776
25 TOA PAYOH EAST,1.3335315,103.8569974
343 BT BATOK ST 34,1.3624242,103.7491461
307 CHOA CHU KANG AVE 4,1.3853859,103.7425577
668 CHOA CHU KANG CRES,1.4017372,103.7494403
485 ADMIRALTY LINK,1.456566,103.8157312
645 JURONG WEST ST 61,1.3392815,103.696565
549 BEDOK NTH AVE 1,1.3316666,103.9267705
217 BISHAN ST 23,1.3570201,103.8497541
270 PASIR RIS ST 21,1.3654231,103.964968
115 PASIR RIS ST 11,1.3674794,103.9564799
56 STRATHMORE AVE,1.2933362,103.8098981
139 TAMPINES ST 11,1.346859,103.944446
235 BISHAN ST 22,1.3586332,103.8464892
524 JELAPANG RD,1.3861482,103.7658027
463 CRAWFORD LANE,1.3051502,103.8622436
473 CHOA CHU KANG AVE 3,1.3794218,103.7378317
737 YISHUN ST 72,1.4290591,103.8323857
268 TOH GUAN RD,1.3418796,103.7450502
3 BEDOK STH AVE 1,1.3219076,103.9331111
7 KIM TIAN PL,1.2835884,103.8271056
79D TOA PAYOH CTRL,1.3347903,103.8491124
421 BEDOK NTH RD,1.3282884,103.9289458
534 BEDOK NTH ST 3,1.333142,103.9246859
402 CLEMENTI AVE 1,1.307551,103.7677503
302 CLEMENTI AVE 4,1.3217585,103.7648974
455 SIN MING AVE,1.3587801,103.8307511
363 YISHUN RING RD,1.4289411,103.845221
325B SENGKANG EAST WAY,1.3929689,103.89061
13 HOLLAND DR,1.3093758,103.7934172
260C PUNGGOL WAY,1.4052332,103.8964103
566 PASIR RIS ST 51,1.3694504,103.9497037
165 TAMPINES ST 12,1.3492644,103.9461683
676B JURONG WEST ST 64,1.3460223,103.7040325
190 BT BATOK WEST AVE 6,1.3454847,103.7459989
659B JURONG WEST ST 65,1.3367514,103.7017443
111 GANGSA RD,1.3781971,103.7684054
707 YISHUN AVE 5,1.42895,103.827581
336 CLEMENTI AVE 2,1.3166318,103.7691019
763 YISHUN ST 72,1.4256968,103.8341861
505 BEDOK NTH AVE 3,1.331848,103.9333872
334 SEMBAWANG CL,1.4477492,103.8162581
795 YISHUN RING RD,1.4197017,103.8325399
51 LOR 6 TOA PAYOH,1.3377525,103.8524876
250 KIM KEAT LINK,1.3317748,103.8569974
195 KIM KEAT AVE,1.3305218,103.8588934
14 LOR 7 TOA PAYOH,1.3366745,103.8582693
150 BEDOK RESERVOIR RD,1.3360624,103.9124743
311 HOUGANG AVE 5,1.365683,103.8948305
509 WOODLANDS DR 14,1.4326243,103.7891162
34 WHAMPOA WEST,1.3205377,103.8634349
145 TAMPINES ST 12,1.3487924,103.9437377
204 CHOA CHU KANG AVE 1,1.3805282,103.7491461
342 BT BATOK ST 34,1.3625739,103.748603
30 KELANTAN RD,1.3053685,103.8569525
37 CAMBRIDGE RD,1.3169626,103.8493879
650 ANG MO KIO ST 61,1.3776837,103.8426804
498E TAMPINES ST 45,1.3615245,103.9589053
165 BT BATOK WEST AVE 8,1.3473797,103.7419085
284 TAMPINES ST 22,1.3490988,103.952582
108 JLN BT MERAH,1.2791362,103.8256786
120A RIVERVALE DR,1.3862062,103.9040911
517E JURONG WEST ST 52,1.3447013,103.7187813
120 BEDOK NTH ST 2,1.3337018,103.9319595
38A BENDEMEER RD,1.3201933,103.8670053
121D SENGKANG EAST WAY,1.3859022,103.905563
683A JURONG WEST CTRL 1,1.3428203,103.7049947
256 BT BATOK EAST AVE 4,1.3508011,103.7583828
988A JURONG WEST ST 93,1.3361976,103.6957732
607 ANG MO KIO AVE 4,1.3803646,103.8387898
730 CLEMENTI WEST ST 2,1.3047887,103.7631773
48 TEBAN GDNS RD,1.3204891,103.7400859
184A RIVERVALE CRES,1.3921418,103.9074741
745 JURONG WEST ST 73,1.3470394,103.6979222
895A WOODLANDS DR 50,1.4360241,103.7912441
154 WOODLANDS ST 13,1.4347268,103.7753992
423 YISHUN AVE 11,1.42269,103.8481197
75C REDHILL RD,1.2890041,103.8163053
322 BT BATOK ST 33,1.3617009,103.7475168
109 MCNAIR RD,1.3217185,103.8591491
201 BEDOK NTH ST 1,1.3313003,103.922591
234 COMPASSVALE WALK,1.3906475,103.9002444
410 C'WEALTH AVE WEST,1.352083,103.819836
121B EDGEDALE PLAINS,1.393473,103.9091414
113 TAMPINES ST 11,1.3465551,103.9463496
264 TAMPINES ST 21,1.3528219,103.9511542
710 TAMPINES ST 71,1.3587573,103.9377381
498J TAMPINES ST 45,1.3632572,103.9568655
678 CHOA CHU KANG CRES,1.4018048,103.7439941
272A JURONG WEST ST 24,1.3504482,103.7051646
427 CHOA CHU KANG AVE 4,1.3808769,103.7397325
223 PENDING RD,1.3757666,103.7734979
225 CHOA CHU KANG CTRL,1.3812858,103.7449823
825 YISHUN ST 81,1.4142715,103.8329022
473B UPP SERANGOON CRES,1.375965,103.9010505
49 CIRCUIT RD,1.325172,103.885446
739 WOODLANDS CIRCLE,1.4440644,103.7967676
217 PETIR RD,1.3747571,103.7737922
433 JURONG WEST ST 42,1.3527573,103.7228982
501 BT BATOK ST 52,1.3514774,103.7550335
109 JURONG EAST ST 13,1.3383251,103.7358405
726 TAMPINES ST 71,1.3572083,103.9361372
736 YISHUN ST 72,1.4288044,103.8316342
689B CHOA CHU KANG DR,1.4030553,103.7498024
21 BALAM RD,1.3312368,103.8869864
224 SIMEI ST 4,1.3431973,103.9574094
671A CHOA CHU KANG CRES,1.4020944,103.7479694
424 BEDOK NTH AVE 1,1.3332853,103.9339058
825 JURONG WEST ST 81,1.3461935,103.6933102
277 TOH GUAN RD,1.3412649,103.7468832
517C JURONG WEST ST 52,1.3450145,103.720095
793 YISHUN RING RD,1.4204906,103.8317942
443 TAMPINES ST 43,1.3588843,103.952023
422 BT BATOK WEST AVE 2,1.3621505,103.745797
84 LOR 2 TOA PAYOH,1.3352754,103.8477526
157 WOODLANDS ST 13,1.4343637,103.7747655
763 PASIR RIS ST 71,1.3761889,103.9342257
3 PINE CL,1.30705,103.8832447
817 JURONG WEST ST 81,1.3445672,103.6958433
317D ANCHORVALE RD,1.3934967,103.8876909
666 JLN DAMAI,1.3337504,103.9080098
702 YISHUN AVE 5,1.4298629,103.8295284
193 LOR 4 TOA PAYOH,1.3315134,103.8512689
513 BEDOK NTH AVE 2,1.3345937,103.9336453
345 CLEMENTI AVE 5,1.3176728,103.7690165
166 GANGSA RD,1.3774635,103.7653953
136 PASIR RIS ST 11,1.3645692,103.9578627
220 PETIR RD,1.3745062,103.7728416
986B BUANGKOK CRES,1.3822191,103.879861
988C JURONG WEST ST 93,1.3358952,103.6958416
420 JURONG WEST ST 42,1.3506151,103.7271729
367 BT BATOK ST 31,1.3603687,103.7497798
93 BEDOK NTH AVE 4,1.3329353,103.9414999
126 SERANGOON NTH AVE 1,1.3660117,103.8716813
5 BEDOK STH AVE 2,1.3221126,103.934304
686C JURONG WEST CTRL 1,1.3422825,103.7042994
695 JURONG WEST CTRL 1,1.3425165,103.7073329
896A WOODLANDS DR 50,1.4364539,103.7929645
45 BENDEMEER RD,1.32269,103.8662772
36 JLN RUMAH TINGGI,1.288588,103.8089019
111 ALJUNIED CRES,1.3204205,103.884273
111 ANG MO KIO AVE 4,1.3708757,103.8372491
146 RIVERVALE DR,1.3907963,103.905983
159 WOODLANDS ST 13,1.4337042,103.7745844
572 HOUGANG ST 51,1.3783113,103.8875117
521 JURONG WEST ST 52,1.3466422,103.71729
864 JURONG WEST ST 81,1.3497757,103.694668
442 YISHUN AVE 11,1.423363,103.845473
437 ANG MO KIO AVE 10,1.3672748,103.8530567
150 YISHUN ST 11,1.4307187,103.833664
721 YISHUN ST 71,1.4261063,103.828917
163 BT BATOK ST 11,1.3481081,103.7426319
571 HOUGANG ST 51,1.3784784,103.8880511
211 JURONG EAST ST 21,1.3386675,103.740004
633A PUNGGOL DR,1.4015001,103.9132614
772 PASIR RIS ST 71,1.3753309,103.9368543
42 TANGLIN HALT RD,1.2985373,103.7986012
439 YISHUN AVE 11,1.4221089,103.846761
871A TAMPINES ST 84,1.3544542,103.9318236
30 CASSIA CRES,1.3095659,103.8831355
656 CHOA CHU KANG CRES,1.40032,103.7503229
76 TELOK BLANGAH DR,1.2744038,103.8088114
695 HOUGANG ST 61,1.3763384,103.8875301
276C JURONG WEST ST 25,1.3532064,103.704276
764 YISHUN ST 72,1.4254389,103.833811
889D WOODLANDS DR 50,1.4377778,103.7925117
33 MARINE CRES,1.3026295,103.9120706
831 HOUGANG CTRL,1.3717107,103.8902692
922 TAMPINES ST 91,1.3474662,103.9407294
156 JLN TECK WHYE,1.3788728,103.7564491
543 BEDOK NTH ST 3,1.3302972,103.9231451
372 HOUGANG ST 31,1.3633777,103.890291
707 WOODLANDS DR 40,1.4404675,103.7967676
151 WOODLANDS ST 13,1.4353947,103.7742222
191 LOR 4 TOA PAYOH,1.3318823,103.8510185
315B ANCHORVALE RD,1.3921839,103.8883146
315 SEMBAWANG VISTA,1.4468448,103.820962
218 TAMPINES ST 24,1.3544243,103.952514
221 BT BATOK EAST AVE 3,1.3474582,103.7537655
124 BT BATOK CTRL,1.3511584,103.7472488
412 TAMPINES ST 41,1.3594393,103.946259
554 CHOA CHU KANG NTH 6,1.3963312,103.7474905
24 BENDEMEER RD,1.3186613,103.8622377
503 TAMPINES CTRL 1,1.3549957,103.9456017
79E TOA PAYOH CTRL,1.3347398,103.8498339
38 CIRCUIT RD,1.3279669,103.8861483
627 WOODLANDS AVE 6,1.4336154,103.8010235
288C BT BATOK ST 25,1.3461054,103.7597399
669B EDGEFIELD PLAINS,1.4045784,103.9137055
615 BT PANJANG RING RD,1.385038,103.7623589
450 BT PANJANG RING RD,1.3846087,103.7722363
733 TAMPINES ST 71,1.3578274,103.9340217
613B BEDOK RESERVOIR RD,1.333107,103.9180696
90 BEDOK NTH ST 4,1.333732,103.9319533
759 YISHUN ST 72,1.4262159,103.8331868
255 ANG MO KIO AVE 4,1.3706435,103.8346232
87 TELOK BLANGAH HTS,1.27689,103.8087208
659 YISHUN AVE 4,1.421552,103.8393064
596B ANG MO KIO ST 52,1.372088,103.850566
461 CHOA CHU KANG AVE 4,1.3781667,103.7346418
40 CIRCUIT RD,1.3276542,103.8864427
212 BT BATOK ST 21,1.3471745,103.7521361
485 SEGAR RD,1.3886816,103.7713251
627 YISHUN ST 61,1.4176952,103.836797
511 SERANGOON NTH AVE 4,1.3702886,103.8716082
878 TAMPINES AVE 8,1.3521463,103.9316415
424D YISHUN AVE 11,1.4232201,103.8485298
771 PASIR RIS ST 71,1.3755346,103.9364691
312 SHUNFU RD,1.3512079,103.8387898
28 JLN BT MERAH,1.286411,103.8098657
410 PANDAN GDNS,1.3189653,103.7474715
40 TEBAN GDNS RD,1.3213753,103.7419953
9 LOR 7 TOA PAYOH,1.3375586,103.8578168
82 C'WEALTH CL,1.352083,103.819836
230 ANG MO KIO AVE 3,1.3688659,103.837884
5 YUNG PING RD,1.3300799,103.7219284
35 JLN BAHAGIA,1.3268055,103.8576081
78 BEDOK NTH RD,1.3272685,103.9409107
463 ANG MO KIO AVE 10,1.3669193,103.8574503
65 KALLANG BAHRU,1.3197819,103.8683218
10 MARSILING DR,1.440805,103.777276
159 HOUGANG ST 11,1.3514485,103.8794814
208A PUNGGOL PL,1.4015217,103.9010092
627 SENJA RD,1.3856183,103.7591582
455 YISHUN ST 41,1.419979,103.844368
905 JURONG WEST ST 91,1.3405185,103.6851645
157C RIVERVALE CRES,1.3878811,103.9077271
453 YISHUN ST 41,1.4198734,103.8456245
290E BT BATOK ST 24,1.3440228,103.7577025
214 SERANGOON AVE 4,1.3570751,103.8735761
107 YISHUN RING RD,1.4327912,103.827649
178 BT BATOK WEST AVE 8,1.3460577,103.7425409
507 WOODLANDS DR 14,1.4318619,103.7908064
501 JELAPANG RD,1.3834286,103.7669796
470 SEGAR RD,1.3884504,103.7732263
770 PASIR RIS ST 71,1.3752256,103.9360838
124 GEYLANG EAST AVE 1,1.3184293,103.8868107
135 BT BATOK WEST AVE 6,1.3512457,103.7448048
724 PASIR RIS ST 72,1.3811755,103.9363784
716 TAMPINES ST 71,1.3594227,103.9366504
278A COMPASSVALE BOW,1.3821195,103.8902371
664B JURONG WEST ST 64,1.338362,103.7036217
570 ANG MO KIO AVE 3,1.3698332,103.8558859
207 TOA PAYOH NTH,1.3424025,103.8451531
89 TANGLIN HALT RD,1.3012044,103.798857
324 TAH CHING RD,1.3364983,103.7234414
124A BT MERAH VIEW,1.2850011,103.8228488
243 YISHUN RING RD,1.4335181,103.8406919
314B PUNGGOL WAY,1.4080284,103.897119
418 CHOA CHU KANG AVE 4,1.3824069,103.7413617
60 TELOK BLANGAH HTS,1.2761458,103.8122562
259 BT PANJANG RING RD,1.3773085,103.7730453
99C LOR 2 TOA PAYOH,1.3390423,103.8475117
514 WOODLANDS DR 14,1.4346749,103.7898406
88 TELOK BLANGAH HTS,1.2774773,103.808268
788 CHOA CHU KANG NTH 6,1.3957824,103.7483531
203A COMPASSVALE RD,1.3865313,103.8953455
752 WOODLANDS CIRCLE,1.4454721,103.7946849
83 REDHILL LANE,1.2869273,103.8192793
562 PASIR RIS ST 51,1.367557,103.950312
738 WOODLANDS CIRCLE,1.4442067,103.797492
655A JURONG WEST ST 61,1.335541,103.698465
305 JURONG EAST ST 32,1.3453588,103.7354785
899A WOODLANDS DR 50,1.4357805,103.7950471
46 LOR 5 TOA PAYOH,1.3362845,103.8530521
401 PANDAN GDNS,1.3203767,103.7503229
238 PASIR RIS ST 21,1.3738337,103.9632417
486C TAMPINES AVE 9,1.3590076,103.9574094
329 CLEMENTI AVE 2,1.3131084,103.7672512
119 HO CHING RD,1.3350991,103.7244363
228 PENDING RD,1.3754878,103.7710535
82 LOR 4 TOA PAYOH,1.3356304,103.8483915
860 YISHUN AVE 4,1.4177487,103.8400579
765 JURONG WEST ST 74,1.3499665,103.6985556
466 PASIR RIS ST 41,1.3734628,103.958452
388 TAMPINES ST 32,1.3553977,103.9581573
390 YISHUN AVE 6,1.4292884,103.8483915
451 PASIR RIS DR 6,1.371417,103.9569863
712 CLEMENTI WEST ST 2,1.3049422,103.7619099
620 YISHUN RING RD,1.41894,103.8345889
210 SERANGOON CTRL,1.3547456,103.8733856
130 BEDOK NTH ST 2,1.3336917,103.9319615
540 ANG MO KIO AVE 10,1.3753568,103.8553668
345 YISHUN AVE 11,1.4284674,103.8445912
309 CLEMENTI AVE 4,1.3209451,103.7663458
413A FERNVALE LINK,1.3891417,103.8785598
664 WOODLANDS RING RD,1.4363504,103.7978542
109 WOODLANDS ST 13,1.4374082,103.7810126
11 FARRER PK RD,1.3123123,103.8519767
149 MEI LING ST,1.2949075,103.8044387
498G TAMPINES ST 45,1.362376,103.958136
230 CHOA CHU KANG CTRL,1.3803289,103.7463091
8 MARSILING DR,1.4413222,103.77721
406 SERANGOON AVE 1,1.3476188,103.8731997
132 CLARENCE LANE,1.2921393,103.8149314
602A PUNGGOL CTRL,1.4033886,103.9070137
178 WOODLANDS ST 13,1.4345846,103.77764
535 JURONG WEST ST 52,1.3494543,103.7170459
507 JELAPANG RD,1.386594,103.7679073
694 HOUGANG ST 61,1.3760427,103.8879831
690D CHOA CHU KANG CRES,1.4021252,103.7520201
758 PASIR RIS ST 71,1.3767977,103.9334779
290A COMPASSVALE CRES,1.3960498,103.8967954
119 MARSILING RISE,1.4388622,103.7803109
103 BISHAN ST 12,1.3455143,103.8483009
354 ANG MO KIO ST 32,1.3639116,103.8519697
466 ANG MO KIO AVE 10,1.365897,103.8569068
435 HOUGANG AVE 8,1.3775852,103.8934653
104 BT BATOK CTRL,1.3489937,103.7472898
102 BEDOK NTH AVE 4,1.3338732,103.9374662
169 STIRLING RD,1.2904595,103.8031098
194 PASIR RIS ST 12,1.3659518,103.9593132
148 SERANGOON NTH AVE 1,1.368576,103.8733041
699C HOUGANG ST 52,1.3764068,103.8883456
504D MONTREAL DR,1.4506496,103.8239356
150 ANG MO KIO AVE 5,1.3767561,103.8417789
788B WOODLANDS CRES,1.4438573,103.8011828
686 HOUGANG ST 61,1.3757652,103.8853554
747B BEDOK RESERVOIR CRES,1.3367807,103.9207397
11 HOLLAND DR,1.309007,103.7940607
701 HOUGANG AVE 2,1.3659948,103.8900672
670A EDGEFIELD PLAINS,1.4054088,103.9129276
776 WOODLANDS CRES,1.4477849,103.8000766
46 MARINE CRES,1.305066,103.9126544
217 PASIR RIS ST 21,1.3694574,103.9608544
671A EDGEFIELD PLAINS,1.4060181,103.9120878
515 PASIR RIS ST 52,1.3742348,103.9428062
105 BISHAN ST 12,1.3458125,103.8473951
303B ANCHORVALE LINK,1.3874616,103.889886
94 GEYLANG BAHRU,1.3222531,103.871221
5 HOLLAND CL,1.3075308,103.7962242
689D WOODLANDS DR 75,1.444284,103.8087208
666B PUNGGOL DR,1.4017995,103.91524
555 JURONG WEST ST 42,1.3536611,103.7186447
484 ADMIRALTY LINK,1.4571649,103.8152412
576 WOODLANDS DR 16,1.4305217,103.7969034
296 TAMPINES ST 22,1.3508932,103.9555056
899A TAMPINES ST 81,1.3462542,103.9352001
504 BT BATOK ST 52,1.3519793,103.7551236
303 YISHUN CTRL,1.4303668,103.8400579
215 BT BATOK ST 21,1.3468005,103.7534938
842E TAMPINES ST 82,1.3517982,103.9384633
243 JURONG EAST ST 24,1.3421217,103.743064
530 BT BATOK ST 51,1.3561849,103.7510471
507 ANG MO KIO AVE 8,1.3744809,103.850129
347 KANG CHING RD,1.340488,103.7207274
420 CLEMENTI AVE 1,1.3102451,103.7688807
656 SENJA RD,1.38764,103.7646031
329 TAMPINES ST 32,1.3533306,103.958636
448 JURONG WEST ST 42,1.3527044,103.7193687
115 BT BATOK WEST AVE 6,1.3491477,103.7465696
520 WOODLANDS DR 14,1.4343401,103.7926236
23 BALAM RD,1.3310199,103.8865333
835 YISHUN ST 81,1.4150571,103.8333778
984C BUANGKOK LINK,1.3824552,103.881235
520 BEDOK NTH AVE 1,1.3305249,103.9280848
361 WOODLANDS AVE 5,1.4339345,103.7849059
354C ADMIRALTY DR,1.4506118,103.8182299
406 TAMPINES ST 41,1.3581418,103.945919
682 HOUGANG AVE 4,1.3740792,103.8855366
715 CLEMENTI WEST ST 2,1.3031124,103.7620004
46 CIRCUIT RD,1.327053,103.88652
701 WEST COAST RD,1.3076532,103.7612762
196C PUNGGOL FIELD,1.399299,103.9075189
395 BT BATOK WEST AVE 5,1.3663726,103.752176
604 ANG MO KIO AVE 5,1.3797233,103.8357101
55 TEBAN GDNS RD,1.3218372,103.7374088
519 WOODLANDS DR 14,1.4345691,103.7921596
425 ANG MO KIO AVE 3,1.3691892,103.8515952
148 GANGSA RD,1.3759569,103.7660743
530 SERANGOON NTH AVE 4,1.373344,103.8725807
175 LOMPANG RD,1.3798242,103.7659611
3 LOR LEW LIAN,1.350475,103.8761202
149 BEDOK RESERVOIR RD,1.3356275,103.9124505
93 WHAMPOA DR,1.3221996,103.854823
5 ST. GEORGE'S LANE,1.3233431,103.8597152
288G BT BATOK ST 25,1.3451175,103.7596038
59 STRATHMORE AVE,1.2931088,103.8106579
297 TAMPINES ST 22,1.3511903,103.9547804
469 JURONG WEST ST 41,1.348524,103.7212723
4 HAIG RD,1.3120909,103.8972294
643 CHOA CHU KANG ST 64,1.39857,103.748603
102 BT PURMEI RD,1.2720458,103.8267436
35 DOVER RD,1.299189,103.7833667
735 WOODLANDS CIRCLE,1.4434015,103.7971298
733 YISHUN AVE 5,1.4296638,103.8312434
101A PUNGGOL FIELD,1.3979874,103.905967
706 HOUGANG AVE 2,1.3659296,103.888708
264F COMPASSVALE BOW,1.3817337,103.8953073
753 PASIR RIS ST 71,1.3771625,103.9345855
304 CANBERRA RD,1.4451006,103.8220563
329 JURONG EAST AVE 1,1.3501778,103.7298929
98 LOR 1 TOA PAYOH,1.3391649,103.8484951
508 BT BATOK ST 52,1.3525572,103.754419
732 TAMPINES ST 71,1.3576601,103.9344523
439 CHOA CHU KANG AVE 4,1.3837322,103.7398936
470 CHOA CHU KANG AVE 3,1.378253,103.7371077
527 JELAPANG RD,1.3863908,103.764879
120A EDGEDALE PLAINS,1.3943697,103.9080325
351 CHOA CHU KANG CTRL,1.383515,103.7430589
724 BEDOK RESERVOIR RD,1.3371453,103.928402
354 BT BATOK ST 31,1.3613946,103.7497798
672A CHOA CHU KANG CRES,1.4019515,103.7473358
116B RIVERVALE DR,1.3818086,103.9023902
128 YISHUN ST 11,1.4339419,103.831453
881 TAMPINES ST 84,1.3524189,103.9324808
894B WOODLANDS DR 50,1.4359811,103.7892747
28 JLN KLINIK,1.2879695,103.8281924
784 YISHUN AVE 2,1.4218247,103.8334966
536 BT BATOK ST 52,1.355525,103.7511376
231 LOR 8 TOA PAYOH,1.3374036,103.8594436
215B COMPASSVALE DR,1.3900309,103.8934747
1 TECK WHYE AVE,1.3825654,103.7517712
867 YISHUN ST 81,1.4140957,103.8377028
755 YISHUN ST 72,1.427065,103.832583
49 WHAMPOA STH,1.3243841,103.8664419
235 CHOA CHU KANG CTRL,1.3798803,103.7486491
409 BEDOK NTH AVE 2,1.3332126,103.9339202
516 JELAPANG RD,1.3872943,103.7672738
126 GEYLANG EAST AVE 1,1.3178467,103.8869864
314 HOUGANG AVE 5,1.364743,103.8943035
106B DEPOT RD,1.2806786,103.8107192
53 SIMS PL,1.3181784,103.8799946
618 SENJA RD,1.3854234,103.7612989
113 SERANGOON NTH AVE 1,1.3687557,103.8704705
603 HOUGANG AVE 4,1.3714927,103.8861368
810 YISHUN RING RD,1.4161879,103.831644
790 WOODLANDS AVE 6,1.4429249,103.8027714
230 LOR 8 TOA PAYOH,1.3382841,103.8593501
161 MEI LING ST,1.2914703,103.8034685
767 WOODLANDS CIRCLE,1.4462623,103.797492
5 MARINE TER,1.3045825,103.9173445
201D TAMPINES ST 21,1.3525869,103.9537831
856 WOODLANDS ST 83,1.4405316,103.7931713
637 PASIR RIS DR 1,1.3767387,103.9402988
139 BT BATOK WEST AVE 6,1.3512806,103.7441094
58 CHAI CHEE DR,1.325893,103.919809
49 DORSET RD,1.3127161,103.8499315
269D COMPASSVALE LINK,1.383475,103.8967376
401 BEDOK NTH AVE 3,1.3309326,103.9335232
29 MARSILING DR,1.4433806,103.7735753
301 SHUNFU RD,1.3494503,103.8387898
194 RIVERVALE DR,1.3927776,103.9016209
518B TAMPINES CTRL 7,1.3563154,103.9386044
260 BISHAN ST 22,1.3596244,103.8421436
513 WOODLANDS DR 14,1.4337964,103.7894784
255 YISHUN RING RD,1.4343073,103.840624
321A ANCHORVALE DR,1.3900867,103.8920567
610 CLEMENTI WEST ST 1,1.3049033,103.7688807
10E BEDOK STH AVE 2,1.32166,103.9371924
36 CIRCUIT RD,1.3290644,103.8868902
316 CLEMENTI AVE 4,1.3184303,103.76449
658A JURONG WEST ST 65,1.3368458,103.700999
759 WOODLANDS AVE 6,1.4464231,103.7952282
18 ST. GEORGE'S RD,1.3242019,103.8629144
339 BT BATOK ST 34,1.3631512,103.7501419
408 PANDAN GDNS,1.3182244,103.7488269
733 WOODLANDS CIRCLE,1.4436985,103.7988311
765 BEDOK RESERVOIR VIEW,1.336151,103.9358346
27 TANGLIN HALT RD,1.2983658,103.7998463
3 MARINE TER,1.3041412,103.9177977
712 JURONG WEST ST 71,1.3422307,103.6964519
935 JURONG WEST ST 91,1.3426983,103.6883312
408 YISHUN AVE 6,1.4262799,103.8484821
755 PASIR RIS ST 71,1.3776932,103.9337724
108B MCNAIR RD,1.3202003,103.859081
204A PUNGGOL FIELD,1.3987876,103.9031057
678 WOODLANDS AVE 6,1.4399252,103.8013857
173A PUNGGOL FIELD,1.3971649,103.9093692
260 BT BATOK EAST AVE 4,1.3509445,103.7589259
220 LOR 8 TOA PAYOH,1.3426302,103.8564312
661 WOODLANDS RING RD,1.4354641,103.7987597
861A TAMPINES AVE 5,1.3555153,103.9371239
374 BT BATOK ST 31,1.3581629,103.7507487
32 JLN BT HO SWEE,1.2875293,103.8284641
167 BISHAN ST 13,1.3479618,103.8555479
239 COMPASSVALE WALK,1.3913315,103.8983584
617 HOUGANG AVE 8,1.3691614,103.8839224
34 TEBAN GDNS RD,1.319894,103.7417917
657A JURONG WEST ST 65,1.3354572,103.7002746
258 BT BATOK EAST AVE 4,1.3513108,103.758926
534 ANG MO KIO AVE 10,1.3741187,103.8540985
153 YISHUN ST 11,1.431209,103.8343515
526 HOUGANG AVE 6,1.3742715,103.8901578
469B ADMIRALTY DR,1.4484762,103.8133847
124 HOUGANG AVE 1,1.352906,103.8867146
712 YISHUN AVE 5,1.4278744,103.8277396
191A RIVERVALE DR,1.3938731,103.9034289
613 BT PANJANG RING RD,1.3840501,103.7619719
127 BT BATOK WEST AVE 6,1.3518875,103.7460717
59B GEYLANG BAHRU,1.3222659,103.8682226
223 SERANGOON AVE 4,1.3576135,103.8705868
692B CHOA CHU KANG CRES,1.4006074,103.7513186
316C PUNGGOL WAY,1.4089321,103.8971651
505 JELAPANG RD,1.3842324,103.7674322
5 DELTA AVE,1.292287,103.827649
449 ANG MO KIO AVE 10,1.3678938,103.8559461
68 REDHILL CL,1.2868666,103.8160563
128 RIVERVALE ST,1.390388,103.9029349
932 TAMPINES ST 91,1.3455706,103.9394604
665 CHOA CHU KANG CRES,1.4020894,103.7503342
177 LOMPANG RD,1.3802422,103.7652292
93 DAWSON RD,1.2949706,103.811632
421 WOODLANDS ST 41,1.427814,103.7746523
457 CHOA CHU KANG AVE 4,1.3788465,103.735931
228 LOR 8 TOA PAYOH,1.3390847,103.8587186
663C JURONG WEST ST 65,1.3380037,103.7022655
282 YISHUN AVE 6,1.4395505,103.8385814
605 ANG MO KIO AVE 5,1.3797195,103.8363441
623 JURONG WEST ST 61,1.3403882,103.6983973
200A SENGKANG EAST RD,1.3870875,103.8918961
485B CHOA CHU KANG AVE 5,1.3745294,103.7388486
575 WOODLANDS DR 16,1.4312521,103.7971971
405 ADMIRALTY LINK,1.4533235,103.8160337
705 HOUGANG AVE 2,1.3656393,103.888255
964 HOUGANG AVE 9,1.3771357,103.8775275
124 SIMEI ST 1,1.3460042,103.9529673
202 MARSILING DR,1.4431022,103.775057
465 CHOA CHU KANG AVE 4,1.377377,103.7364741
453 PASIR RIS DR 6,1.3718951,103.9573188
14 KG ARANG RD,1.3002822,103.8841779
511 HOUGANG AVE 10,1.3720825,103.888708
316B YISHUN AVE 9,1.4328459,103.8425941
644 YISHUN ST 61,1.4216536,103.8372499
685B WOODLANDS DR 73,1.4413641,103.8060946
946 HOUGANG ST 92,1.3746905,103.881278
503 ANG MO KIO AVE 5,1.3754681,103.848935
1G CANTONMENT RD,1.2756629,103.8412706
268C BOON LAY DR,1.3472806,103.7081501
831 TAMPINES ST 83,1.3501379,103.9344749
550 PASIR RIS ST 51,1.3672679,103.9534659
632 CHOA CHU KANG NTH 6,1.3966039,103.7485875
461 TAMPINES ST 44,1.3588793,103.9543271
326 CLEMENTI AVE 5,1.3144218,103.7663805
861 TAMPINES AVE 5,1.3555153,103.9371239
376 CLEMENTI AVE 4,1.3180889,103.7666174
6 HOLLAND CL,1.3071143,103.7954772
130 BT BATOK WEST AVE 6,1.3511652,103.746072
240 BT PANJANG RING RD,1.3794091,103.7714113
141 YISHUN RING RD,1.4309043,103.8299628
450 HOUGANG AVE 10,1.3793002,103.8955363
155 ANG MO KIO AVE 4,1.3758865,103.8401485
711 HOUGANG AVE 2,1.3663744,103.8878019
316 JURONG EAST ST 32,1.3461111,103.7320391
740 YISHUN AVE 5,1.4302853,103.8324267
209 PASIR RIS ST 21,1.3666694,103.9617936
621 SENJA RD,1.3860198,103.7627247
368 CORPORATION DR,1.3373373,103.719466
341 BT BATOK ST 34,1.3627906,103.7491461
271 PASIR RIS ST 21,1.3661547,103.9642701
702 BEDOK RESERVOIR RD,1.3373472,103.9187946
989C JURONG WEST ST 93,1.335638,103.6951583
109 TAMPINES ST 11,1.3474197,103.9487065
401 ADMIRALTY LINK,1.4546819,103.8167839
509 WEST COAST DR,1.3111674,103.7610046
853 WOODLANDS ST 83,1.4393791,103.7931121
543 CHOA CHU KANG ST 52,1.3938834,103.7443261
519 PASIR RIS ST 52,1.3740372,103.9450125
152 WOODLANDS ST 13,1.4350277,103.7742222
131 RIVERVALE ST,1.3896541,103.9031162
928 JURONG WEST ST 92,1.3409718,103.6891908
648 HOUGANG AVE 8,1.3721316,103.8798257
368 TAMPINES ST 34,1.3587853,103.9609678
136 YISHUN RING RD,1.432034,103.831453
684A WOODLANDS DR 73,1.4412235,103.8050985
280 CHOA CHU KANG AVE 3,1.3807786,103.7428337
132 JLN BT MERAH,1.2788445,103.8283634
601B PUNGGOL CTRL,1.4021971,103.9078986
503 CHOA CHU KANG ST 51,1.3883947,103.7424253
687C WOODLANDS DR 75,1.4417289,103.8064569
266 TAMPINES ST 21,1.3519483,103.9503383
734 JURONG WEST ST 73,1.3456216,103.7004356
707 PASIR RIS DR 10,1.3811064,103.938656
35 CIRCUIT RD,1.3291935,103.8859897
640 CHOA CHU KANG ST 64,1.3977937,103.749644
118 LOR 1 TOA PAYOH,1.3395306,103.8448587
607 CLEMENTI WEST ST 1,1.3042508,103.7677943
681 CHOA CHU KANG CRES,1.4029301,103.7455625
472 CHOA CHU KANG AVE 3,1.3790563,103.7376507
449 JURONG WEST ST 42,1.3523433,103.7184637
22 BALAM RD,1.3301344,103.8878019
552 PASIR RIS ST 51,1.3676757,103.9526046
169 BT BATOK WEST AVE 8,1.3465794,103.7410023
771 BEDOK RESERVOIR VIEW,1.3360242,103.9387805
232 COMPASSVALE WALK,1.3906832,103.9010215
798 YISHUN RING RD,1.4188915,103.8330834
118 PENDING RD,1.3768955,103.7683393
40 CHAI CHEE AVE,1.3259924,103.9263438
731 WOODLANDS CIRCLE,1.4428848,103.7975825
824 YISHUN ST 81,1.4136825,103.8332645
864 TAMPINES ST 83,1.3546849,103.9357914
8 HAIG RD,1.3135768,103.8960685
550 CHOA CHU KANG ST 52,1.3939289,103.7428326
474 SEGAR RD,1.3885285,103.7724115
388 BT BATOK WEST AVE 5,1.3648491,103.7520816
124 MCNAIR RD,1.3177453,103.8566658
706 WOODLANDS DR 40,1.439734,103.796677
108 SERANGOON NTH AVE 1,1.369916,103.8710398
412 SAUJANA RD,1.3829262,103.7682696
238 LOR 1 TOA PAYOH,1.3402241,103.851562
74 WHAMPOA DR,1.3247979,103.8578334
21 HOLLAND DR,1.3110644,103.7924212
671 CHOA CHU KANG CRES,1.4025345,103.7479694
14 TOH YI DR,1.339067,103.7725926
959 HOUGANG ST 91,1.3769685,103.8791008
403 SERANGOON AVE 1,1.3464724,103.8724896
68 GEYLANG BAHRU,1.322333,103.8700432
662A JURONG WEST ST 64,1.336982,103.7028088
448 BT PANJANG RING RD,1.3837066,103.7719217
426 TAMPINES ST 41,1.3595639,103.9479629
482 ADMIRALTY LINK,1.4553281,103.8154224
207 BOON LAY PL,1.3467373,103.7134893
123 PAYA LEBAR WAY,1.3227516,103.8832487
611 HOUGANG AVE 8,1.3700555,103.8846305
698A HOUGANG ST 61,1.3753139,103.8873489
864A TAMPINES ST 83,1.3546849,103.9357914
338 BT BATOK ST 34,1.3635836,103.7501481
504 BEDOK NTH ST 3,1.3318724,103.9323222
42 CASSIA CRES,1.3105012,103.8865335
684 HOUGANG AVE 8,1.3742687,103.8866118
2 DOVER RD,1.3031295,103.7828893
138B LOR 1A TOA PAYOH,1.3363635,103.8456043
55 MARINE TER,1.3054058,103.9139912
230D TAMPINES ST 24,1.3561139,103.9515168
140 PASIR RIS ST 11,1.363829,103.9592226
415 EUNOS RD 5,1.3181507,103.8978602
142 SIMEI ST 2,1.345406,103.955143
395 YISHUN RING RD,1.4288549,103.8473045
256 KIM KEAT AVE,1.3321265,103.8581445
143 LOR AH SOO,1.3522694,103.8828186
414 PANDAN GDNS,1.3201012,103.7472453
286C TOH GUAN RD,1.3390811,103.7445298
267 TAMPINES ST 21,1.350784,103.9491598
21 JOO SENG RD,1.3343686,103.8806398
126 ANG MO KIO AVE 3,1.3716164,103.8435905
267 BT BATOK EAST AVE 4,1.3486645,103.7602424
223 LOR 8 TOA PAYOH,1.3413048,103.8555498
127 BEDOK NTH ST 2,1.3279725,103.9379685
116 BT BATOK WEST AVE 6,1.349665,103.7462584
49 LOR 5 TOA PAYOH,1.3377291,103.8532649
963 HOUGANG AVE 9,1.3771281,103.8779256
406 FAJAR RD,1.3818859,103.7675227
528 SERANGOON NTH AVE 4,1.3713674,103.8722169
155 WOODLANDS ST 13,1.434702,103.7746089
504 HOUGANG AVE 8,1.3733991,103.8881932
97 JLN DUA,1.3089869,103.8885268
766 PASIR RIS ST 71,1.3759842,103.9360754
696 JURONG WEST CTRL 1,1.3422214,103.7076949
661 BUFFALO RD,1.3069097,103.8502898
138 LOR AH SOO,1.3516023,103.8842681
628 BEDOK RESERVOIR RD,1.3349542,103.9149881
767 CHOA CHU KANG ST 54,1.393854,103.7492593
297 YISHUN ST 20,1.4358962,103.8352608
80 BEDOK NTH RD,1.3285133,103.9407294
187 BISHAN ST 13,1.3495227,103.851562
122 ANG MO KIO AVE 3,1.3702265,103.8432282
680 WOODLANDS AVE 6,1.4396994,103.8022913
202 CLEMENTI AVE 6,1.320663,103.762731
230J TAMPINES ST 21,1.3561983,103.9496131
105 BT PURMEI RD,1.2725678,103.8248421
686A CHOA CHU KANG CRES,1.4045895,103.7477884
451 SIN MING AVE,1.3586557,103.8300944
114 SIMEI ST 1,1.3437502,103.9504289
168 HOUGANG AVE 1,1.3520459,103.8893977
658 HOUGANG AVE 8,1.3733643,103.8825465
648B JURONG WEST ST 61,1.3385402,103.6981032
221 LOR 8 TOA PAYOH,1.3426271,103.8569747
101 HENDERSON CRES,1.2907112,103.8216714
506A SERANGOON NTH AVE 4,1.3702886,103.8716082
711 CLEMENTI WEST ST 2,1.3050936,103.7610046
607 CHOA CHU KANG ST 62,1.3988909,103.7439867
863 JURONG WEST ST 81,1.3492592,103.6953014
623 ANG MO KIO AVE 9,1.3826974,103.8408731
614 ANG MO KIO AVE 4,1.3780896,103.8393332
111 HO CHING RD,1.3339298,103.7233499
246 SIMEI ST 5,1.3450275,103.9541684
575 HOUGANG ST 51,1.3778812,103.8868052
291 TAMPINES ST 22,1.3500902,103.955143
2 HOUGANG AVE 3,1.3631935,103.8931481
248 JURONG EAST ST 24,1.3422743,103.7400719
335B SMITH ST,1.2823787,103.8435143
118 CLEMENTI ST 13,1.3249363,103.7719595
6 GHIM MOH RD,1.3123313,103.7883466
442 FAJAR RD,1.3822005,103.7710653
754 JURONG WEST ST 74,1.348834,103.6995583
412 BEDOK NTH AVE 2,1.3294402,103.9310829
107 BT BATOK WEST AVE 6,1.3478127,103.7466169
214 JURONG EAST ST 21,1.3392586,103.7390989
675 HOUGANG AVE 8,1.3719617,103.8843587
122 POTONG PASIR AVE 1,1.335125,103.8662833
213 BT BATOK ST 21,1.3468062,103.7524981
60 DAKOTA CRES,1.3076698,103.8886174
515A TAMPINES CTRL 7,1.356988,103.938383
881 WOODLANDS ST 82,1.4445166,103.7919005
736 TAMPINES ST 72,1.3590577,103.9343709
339B SEMBAWANG CL,1.4477684,103.8174206
22 BEDOK STH AVE 1,1.3228528,103.9327527
785 CHOA CHU KANG DR,1.3946145,103.7477884
120 GEYLANG EAST CTRL,1.318187,103.884767
230 YISHUN ST 21,1.4347173,103.8366159
103 TAMPINES ST 11,1.3476541,103.9461683
766 JURONG WEST ST 74,1.3499707,103.6978317
102D PUNGGOL FIELD,1.3983645,103.9053397
184 TOA PAYOH CTRL,1.3318865,103.8499081
4 TOH YI DR,1.3384688,103.7747655
651 SENJA LINK,1.3866192,103.7636526
122 KIM TIAN RD,1.2833857,103.8288957
627 CHOA CHU KANG ST 62,1.397925,103.7460685
352A CANBERRA RD,1.4506221,103.8195204
3 GHIM MOH RD,1.3121173,103.7873506
184B RIVERVALE CRES,1.3922507,103.9073297
975 HOUGANG ST 91,1.3771911,103.8796471
313C ANCHORVALE RD,1.391944,103.8880768
706 TAMPINES ST 71,1.357587,103.9375568
23 MARSILING DR,1.4414733,103.7733134
5 HAIG RD,1.3125517,103.8966141
220 YISHUN ST 21,1.4334776,103.8353478
123 PENDING RD,1.3775423,103.7706914
402 YISHUN RING RD,1.4265035,103.8472374
346 TAMPINES ST 33,1.3511261,103.9623945
129 BT MERAH VIEW,1.2836829,103.8240354
55 NEW UPP CHANGI RD,1.3251402,103.9420891
464 JURONG WEST ST 41,1.3503493,103.7223585
624 SENJA RD,1.3861724,103.7617289
446 CLEMENTI AVE 3,1.3126088,103.7649879
55 GEYLANG BAHRU,1.3242433,103.8686842
224 PASIR RIS ST 21,1.3709209,103.9610358
689 JURONG WEST CTRL 1,1.3411314,103.7061565
502 PASIR RIS ST 52,1.3754036,103.9461683
341B SEMBAWANG CL,1.4480695,103.8185572
221 SERANGOON AVE 4,1.3591392,103.8718583
130 CASHEW RD,1.3740942,103.7712346
24 KG BAHRU HILL,1.2730202,103.8288487
681C JURONG WEST CTRL 1,1.3446636,103.7046204
213 ANG MO KIO AVE 3,1.3677836,103.8412807
175B PUNGGOL FIELD,1.3977088,103.9085145
801 FRENCH RD,1.3074653,103.8605309
202C SENGKANG EAST RD,1.3877528,103.8927988
41 SIMS DR,1.3169605,103.8755699
257 BANGKIT RD,1.3785841,103.7729208
219 BOON LAY AVE,1.3506982,103.7114955
60 STRATHMORE AVE,1.2927692,103.8117238
836 YISHUN ST 81,1.4153706,103.8330834
273B JURONG WEST AVE 3,1.3515637,103.7036937
321 ANG MO KIO AVE 1,1.3651407,103.8484821
201D PUNGGOL FIELD,1.3995476,103.9032068
519 BEDOK NTH AVE 1,1.3308544,103.9280394
626 HOUGANG AVE 8,1.3698518,103.8819123
36 BEDOK STH AVE 2,1.3215806,103.9382803
286B TOH GUAN RD,1.3386375,103.7452539
30 NEW UPP CHANGI RD,1.3235698,103.9363722
685 RACE COURSE RD,1.3139721,103.8567281
153 ANG MO KIO AVE 5,1.3763871,103.8422318
122 YUAN CHING RD,1.336038,103.7238712
660 HOUGANG AVE 8,1.3737331,103.8828211
81 MACPHERSON LANE,1.3322292,103.8862162
589 WOODLANDS DR 16,1.4278898,103.7952735
31 BALAM RD,1.3297956,103.885735
677 CHOA CHU KANG CRES,1.4016711,103.7451634
12 TECK WHYE LANE,1.3795367,103.7556637
463 TAMPINES ST 44,1.3592438,103.9545991
339A KANG CHING RD,1.3378115,103.7214399
535 BT PANJANG RING RD,1.3844764,103.7633584
307 TAMPINES ST 32,1.3529374,103.9564122
121A KIM TIAN PL,1.282705,103.8281924
321 BT BATOK ST 33,1.3613345,103.7475168
411B FERNVALE RD,1.3900408,103.8770827
522A TAMPINES CTRL 7,1.3577785,103.9384748
475 SEMBAWANG DR,1.4509133,103.8169619
113 TECK WHYE LANE,1.3779522,103.750866
483 ADMIRALTY LINK,1.4560624,103.8154224
21 TEBAN GDNS RD,1.3236869,103.7392045
423 JURONG WEST AVE 1,1.3509172,103.7255262
129 YISHUN ST 11,1.4337377,103.831838
16 EUNOS CRES,1.3230877,103.9044755
754 PASIR RIS ST 71,1.3773,103.9340737
420 WOODLANDS ST 41,1.4281446,103.774607
214 BEDOK NTH ST 1,1.3258543,103.9323902
119 POTONG PASIR AVE 1,1.334574,103.8629651
666 CHOA CHU KANG CRES,1.4023938,103.7500287
517 JELAPANG RD,1.3880722,103.7662313
102 RIVERVALE WALK,1.381822,103.9009109
635 HOUGANG AVE 8,1.3702346,103.8791035
419 TAMPINES ST 41,1.3582652,103.9467122
898A WOODLANDS DR 50,1.4353429,103.7945943
37 TEBAN GDNS RD,1.320568,103.7423574
318 BT BATOK ST 32,1.3609702,103.7471547
162 JLN TECK WHYE,1.3808456,103.7574741
969 HOUGANG ST 91,1.3787405,103.8792819
655 YISHUN AVE 4,1.4226768,103.8395502
166B PUNGGOL CTRL,1.3947495,103.9151802
61 CIRCUIT RD,1.3257214,103.8873919
164 BISHAN ST 13,1.3484712,103.8560915
786B WOODLANDS DR 60,1.4455999,103.8007292
683 HOUGANG AVE 8,1.3735631,103.8860803
56 CASSIA CRES,1.3101894,103.8830931
413 SEMBAWANG DR,1.4517256,103.8178452
361 YISHUN RING RD,1.4283679,103.8459683
166 HOUGANG AVE 1,1.3512862,103.888255
77 LOR LIMAU,1.3251101,103.8547549
803 YISHUN RING RD,1.4182735,103.8314282
173 WOODLANDS ST 13,1.4329581,103.7776071
151 BEDOK RESERVOIR RD,1.3357781,103.9117255
655B JURONG WEST ST 61,1.3355405,103.6974698
776 YISHUN AVE 2,1.4225615,103.8339195
636 JURONG WEST ST 65,1.3421492,103.6978996
536 WOODLANDS DR 14,1.4314704,103.7917873
268A PUNGGOL FIELD,1.4041281,103.8973165
298D COMPASSVALE ST,1.3957505,103.9008506
263 TAMPINES ST 21,1.3532622,103.9509729
329 YISHUN RING RD,1.4303694,103.8426168
782A WOODLANDS CRES,1.4472968,103.8025195
356A ADMIRALTY DR,1.449445,103.8169619
153 SIMEI ST 1,1.3452475,103.9572281
202A PUNGGOL FIELD,1.399705,103.9044528
757 WOODLANDS AVE 4,1.4462068,103.7945943
356 TAMPINES ST 33,1.3544454,103.9613984
133 EDGEDALE PLAINS,1.392839,103.910506
306B ANCHORVALE LINK,1.3895682,103.8885984
158 LOR 1 TOA PAYOH,1.3314779,103.8449493
24 BALAM RD,1.3300265,103.8874848
282 CHOA CHU KANG AVE 3,1.3803429,103.7432625
2 JLN BT MERAH,1.2866982,103.8068191
780 PASIR RIS ST 71,1.3735674,103.9378061
834 TAMPINES ST 82,1.3502037,103.9357439
366 YISHUN RING RD,1.4291567,103.8459457
225 ANG MO KIO AVE 1,1.3674729,103.8380651
539 BT BATOK ST 52,1.3547939,103.750866
849 JURONG WEST ST 81,1.3458648,103.6917135
471 SEMBAWANG DR,1.4518762,103.8156035
238 YISHUN RING RD,1.4331595,103.8393332
640 YISHUN ST 61,1.4211301,103.8388803
202 COMPASSVALE DR,1.3889685,103.8933836
158 YUNG LOH RD,1.3285142,103.7225362
149 RIVERVALE CRES,1.3915474,103.9052528
670A CHOA CHU KANG CRES,1.4030491,103.7477884
17 HOLLAND DR,1.3125216,103.7927754
129 KIM TIAN RD,1.2812371,103.8288318
312 BT BATOK ST 32,1.3599238,103.7475394
478 SEGAR RD,1.3896256,103.7728642
267C PUNGGOL FIELD,1.40427,103.898386
522 ANG MO KIO AVE 5,1.3730717,103.852131
305 HOUGANG AVE 5,1.3671389,103.8947792
141 TECK WHYE LANE,1.3803795,103.7526085
101 TECK WHYE LANE,1.3779314,103.7543963
630 HOUGANG AVE 8,1.3703945,103.8811935
450 YISHUN RING RD,1.422128,103.844128
4 LOR 7 TOA PAYOH,1.3391094,103.8558209
627 HOUGANG AVE 8,1.3692612,103.8818192
170 STIRLING RD,1.2909755,103.8031117
5 TELOK BLANGAH CRES,1.2787332,103.8192261
229 JURONG EAST ST 21,1.341847,103.7379449
715 WOODLANDS DR 70,1.4421561,103.7996879
408 HOUGANG AVE 10,1.3733173,103.8953522
551 BEDOK NTH AVE 1,1.3319835,103.9271004
346 CLEMENTI AVE 5,1.3171185,103.7699671
58 LOR 4 TOA PAYOH,1.336738,103.8504932
407 CHOA CHU KANG AVE 3,1.380392,103.740728
471 CHOA CHU KANG AVE 3,1.3788395,103.7371077
722 WOODLANDS AVE 6,1.4453348,103.7990766
64 MARINE DR,1.301955,103.9091743
244 BT BATOK EAST AVE 5,1.3491241,103.7570247
306 SHUNFU RD,1.3503724,103.8392834
419 ANG MO KIO AVE 10,1.3654037,103.8541764
543 JURONG WEST ST 42,1.3519114,103.7158423
289C PUNGGOL PL,1.4018216,103.9029349
301 ANG MO KIO AVE 3,1.3674265,103.8459455
43 LENGKOK BAHRU,1.2870413,103.8108943
207D COMPASSVALE LANE,1.3845944,103.8974023
4 MARINE TER,1.305166,103.9176164
123 KIM TIAN RD,1.2838978,103.8291574
230 SIMEI ST 4,1.34328,103.9557776
711 WOODLANDS DR 70,1.4411976,103.7974014
641A PUNGGOL DR,1.3985848,103.916982
525 SERANGOON NTH AVE 4,1.3722515,103.8726223
408 WOODLANDS ST 41,1.4287996,103.7725021
105 TAMPINES ST 11,1.3480158,103.9468935
704 CHOA CHU KANG ST 53,1.3910055,103.7456257
112 JURONG EAST ST 13,1.3392767,103.735931
284 TOH GUAN RD,1.339438,103.746159
239 YISHUN RING RD,1.433758,103.8395755
406C FERNVALE RD,1.3887246,103.8746675
3 DOVER RD,1.3038037,103.7823707
637 HOUGANG AVE 8,1.3710335,103.8791007
840 TAMPINES ST 82,1.3510826,103.9356533
732 JURONG WEST ST 73,1.3459564,103.6995308
101 POTONG PASIR AVE 1,1.3332085,103.8683714
497H TAMPINES ST 45,1.3597974,103.9600385
119C KIM TIAN RD,1.2815512,103.8276187
93 PAYA LEBAR WAY,1.322814,103.8883456
894 TAMPINES ST 81,1.3488346,103.9320276
434 BT PANJANG RING RD,1.38546,103.7706008
829 TAMPINES ST 81,1.3492574,103.9348375
517D JURONG WEST ST 52,1.3450697,103.7195481
108 RIVERVALE WALK,1.3828119,103.899858
32 BALAM RD,1.3294011,103.8871447
640 WOODLANDS RING RD,1.4381574,103.8023818
5 EVERTON PK,1.276695,103.8394141
234 PASIR RIS DR 4,1.3734054,103.9619424
635C PUNGGOL DR,1.4007901,103.9142604
536 UPP CROSS ST,1.284947,103.8456099
601A PUNGGOL CTRL,1.4025261,103.9076473
532 BEDOK NTH ST 3,1.3340175,103.925139
470 ANG MO KIO AVE 10,1.3641395,103.8568162
113 HOUGANG AVE 1,1.3535533,103.888708
404 YISHUN AVE 6,1.4265739,103.8483915
223B COMPASSVALE WALK,1.388298,103.897587
85 TELOK BLANGAH HTS,1.2772555,103.8087208
274A JURONG WEST AVE 3,1.3523739,103.7036002
314C ANCHORVALE LINK,1.3916599,103.888853
497D TAMPINES ST 45,1.358851,103.9591319
490 JURONG WEST AVE 1,1.3495819,103.7272423
201B PUNGGOL FIELD,1.3999279,103.9039544
246 BT BATOK EAST AVE 5,1.3496343,103.7574773
839 WOODLANDS ST 82,1.4427195,103.7916742
232 JURONG EAST ST 21,1.3398636,103.7407996
354 HOUGANG AVE 7,1.3727181,103.8996976
986A BUANGKOK CRES,1.381869,103.8797643
445 SIN MING AVE,1.35872,103.8316342
804 KING GEORGE'S AVE,1.308034,103.860594
333 TAMPINES ST 32,1.3534959,103.9610358
626 YISHUN ST 61,1.4176285,103.8357101
641 HOUGANG AVE 8,1.3713256,103.8800975
167 BT BATOK WEST AVE 8,1.3469315,103.7422669
17B CIRCUIT RD,1.3299984,103.8891837
631 JURONG WEST ST 65,1.3435825,103.7002748
394 YISHUN AVE 6,1.428921,103.8484821
109 BEDOK RESERVOIR RD,1.3298069,103.9097997
259A PUNGGOL FIELD,1.4039186,103.8955947
51 CIRCUIT RD,1.3245626,103.8855595
652B JURONG WEST ST 61,1.336644,103.6978319
433 ANG MO KIO AVE 10,1.3680359,103.8544614
64 CIRCUIT RD,1.326992,103.887077
540 SERANGOON NTH AVE 4,1.3746619,103.8725794
532 JURONG WEST ST 52,1.3492135,103.7160235
445 JURONG WEST ST 42,1.3521709,103.7206019
110 SPOTTISWOODE PK RD,1.273668,103.8364347
158 BISHAN ST 13,1.3464932,103.8562727
47 TEBAN GDNS RD,1.3201163,103.7400046
172 YISHUN AVE 7,1.4368965,103.8317924
658 CHOA CHU KANG CRES,1.4006938,103.7491461
311A ANCHORVALE LANE,1.3909847,103.8841558
872 WOODLANDS ST 81,1.4438867,103.7898859
323 JURONG EAST ST 31,1.3484792,103.7290554
366 WOODLANDS AVE 5,1.4338444,103.7876222
588C MONTREAL DR,1.4506087,103.8246149
277 TAMPINES ST 22,1.3474054,103.9511542
412 HOUGANG AVE 10,1.3746989,103.8953002
690C WOODLANDS DR 75,1.4429678,103.8079058
12 UPP BOON KENG RD,1.3143581,103.8700432
261 TAMPINES ST 21,1.3542865,103.9510635
221 YISHUN ST 21,1.4340405,103.8363799
546 WOODLANDS DR 16,1.4291098,103.7937794
268D PUNGGOL FIELD,1.4034272,103.8982373
143 POTONG PASIR AVE 2,1.3328263,103.8657865
682C JURONG WEST CTRL 1,1.34326,103.7054326
203 BT BATOK ST 21,1.3472587,103.7490556
392 YISHUN AVE 6,1.4287329,103.8492521
125 BT BATOK CTRL,1.3515262,103.7468867
139 PETIR RD,1.3752759,103.7696955
621 BT BATOK CTRL,1.350273,103.7483348
430 ANG MO KIO AVE 3,1.368944,103.8527259
762 YISHUN ST 72,1.4257068,103.8342609
802 WOODLANDS ST 81,1.4408259,103.786264
271 TAMPINES ST 21,1.35027,103.9494318
53 JLN MA'MOR,1.3283134,103.8560517
222 ANG MO KIO AVE 1,1.366072,103.8393114
272B SENGKANG CTRL,1.3850576,103.8936465
205 CHOA CHU KANG CTRL,1.3809712,103.748603
684B JURONG WEST ST 64,1.3439244,103.7041286
114 TECK WHYE LANE,1.3785381,103.7509565
981A BUANGKOK CRES,1.3804805,103.8805506
642B PUNGGOL DR,1.3983563,103.9163717
35 MARSILING DR,1.4449801,103.7716977
329 TAH CHING RD,1.3376132,103.7238263
24 BEO CRES,1.2886266,103.8283736
121 RIVERVALE DR,1.3867875,103.9045661
24 TELOK BLANGAH CRES,1.2754417,103.820678
121 BEDOK NTH RD,1.3296029,103.9387556
433 CLEMENTI AVE 3,1.3140171,103.7618194
654A JURONG WEST ST 61,1.3361282,103.6983747
121 PAYA LEBAR WAY,1.3225482,103.8836338
101 HOUGANG AVE 1,1.3552948,103.8914264
606 WOODLANDS RING RD,1.4367042,103.7970166
767 PASIR RIS ST 71,1.3756855,103.9358781
636 CHOA CHU KANG NTH 6,1.3963355,103.7488164
414 BEDOK NTH AVE 2,1.3332376,103.9339152
290G BT BATOK ST 24,1.3433303,103.757112
8 JLN BATU,1.3026541,103.8831808
124 PAYA LEBAR WAY,1.3231331,103.8837244
232A SERANGOON AVE 2,1.3542824,103.8683437
126 ALJUNIED RD,1.3237272,103.8821841
120 KIM TIAN PL,1.2829258,103.8279207
610 JURONG WEST ST 65,1.3383777,103.7009082
929 JURONG WEST ST 92,1.3413006,103.6893265
227C COMPASSVALE DR,1.386776,103.901124
251 BISHAN ST 22,1.361795,103.8444058
420 CANBERRA RD,1.4526825,103.8187506
65 CIRCUIT RD,1.32743,103.8872582
331 CLEMENTI AVE 2,1.3141462,103.7681748
27 NEW UPP CHANGI RD,1.3241599,103.9349227
134 MARSILING RD,1.4367682,103.7776626
506 BEDOK NTH AVE 3,1.3321634,103.9337849
363 CLEMENTI AVE 2,1.3128065,103.7688807
528 BT BATOK ST 51,1.3566967,103.7512281
124 TECK WHYE LANE,1.3800851,103.7496893
146 MEI LING ST,1.2940609,103.8045099
472 ANG MO KIO AVE 10,1.3631798,103.8580845
220 BISHAN ST 23,1.3576258,103.8471743
708 TAMPINES ST 71,1.3579937,103.9368261
887B WOODLANDS DR 50,1.4371238,103.7943033
23 HOUGANG AVE 3,1.3646951,103.8900821
584 ANG MO KIO AVE 3,1.3706973,103.8534173
21 DOVER CRES,1.3070288,103.7846116
322 YISHUN CTRL,1.4290417,103.8407825
706 CLEMENTI WEST ST 2,1.3067843,103.7623675
780E WOODLANDS CRES,1.4479426,103.8017706
703 TAMPINES ST 71,1.3568538,103.9377381
635 ANG MO KIO AVE 6,1.3807828,103.842413
170 BOON LAY DR,1.3472559,103.7071969
251 BANGKIT RD,1.380321,103.7737229
206 SERANGOON CTRL,1.3534885,103.8733067
565 HOUGANG ST 51,1.3806354,103.8878834
212 BOON LAY PL,1.3491579,103.7129467
93 JLN DUA,1.3086567,103.8871477
112B DEPOT RD,1.281697,103.807681
788 YISHUN AVE 2,1.4210883,103.8337174
577 HOUGANG AVE 4,1.3787336,103.8848489
804 YISHUN RING RD,1.4176713,103.8316406
506 CHOA CHU KANG ST 51,1.389056,103.742199
51 NEW UPP CHANGI RD,1.3234567,103.9422704
603 ANG MO KIO AVE 5,1.380163,103.8357101
189 BT BATOK WEST AVE 6,1.3458157,103.7464331
108 TECK WHYE LANE,1.3783753,103.752877
128 ANG MO KIO AVE 3,1.3708105,103.8435905
247 TAMPINES ST 21,1.3524627,103.9468709
35 TELOK BLANGAH RISE,1.2730336,103.8221303
857 WOODLANDS ST 83,1.4405582,103.7939605
425 WOODLANDS ST 41,1.4271033,103.7738601
617D PUNGGOL DR,1.401639,103.9128802
469A SENGKANG WEST WAY,1.3959613,103.8780162
550 BEDOK NTH AVE 1,1.3324693,103.9264548
13 LOR 7 TOA PAYOH,1.3362886,103.8589244
286 YISHUN AVE 6,1.4402072,103.8388803
836 TAMPINES ST 82,1.3505729,103.9352001
323 SEMBAWANG CL,1.4450147,103.8181619
263 BISHAN ST 22,1.3589506,103.8423224
819 JURONG WEST ST 81,1.3458901,103.6951197
863 WOODLANDS ST 83,1.4404251,103.795058
302A WOODLANDS ST 31,1.4317468,103.7752276
18 CANTONMENT CL,1.2738709,103.8394238
167 BOON LAY DR,1.3467703,103.7065185
180 BISHAN ST 13,1.3484895,103.8523839
450C TAMPINES ST 42,1.3571346,103.952242
774 WOODLANDS CRES,1.4481063,103.799054
531 CHOA CHU KANG ST 51,1.3928506,103.7414315
603 JURONG WEST ST 62,1.3389593,103.7003861
816 YISHUN ST 81,1.4117023,103.8332645
232 SERANGOON AVE 3,1.3547502,103.8687068
810 WOODLANDS ST 81,1.4427049,103.7880976
110 TAMPINES ST 11,1.3469774,103.9492505
108 TAMPINES ST 11,1.3478594,103.9486159
123 SIMEI ST 1,1.3456346,103.9536018
244 HOUGANG ST 22,1.3580708,103.8920097
90 DAWSON RD,1.2953402,103.812228
638 PASIR RIS DR 1,1.3762891,103.940948
325C SENGKANG EAST WAY,1.3932952,103.8912948
637 VEERASAMY RD,1.3069042,103.8557291
845 WOODLANDS ST 82,1.4427677,103.7927834
860 JURONG WEST ST 81,1.3490311,103.6967491
894A WOODLANDS DR 50,1.4360111,103.7903612
20 BEDOK STH RD,1.3180535,103.9320779
33 MARSILING DR,1.4435487,103.7720354
861 JURONG WEST ST 81,1.3495696,103.6968025
368 BT BATOK ST 31,1.3603651,103.7504134
112 SIMEI ST 1,1.3429686,103.9495451
603 YISHUN ST 61,1.4221037,103.8356195
546 JURONG WEST ST 42,1.3526556,103.7151153
414 C'WEALTH AVE WEST,1.352083,103.819836
414 SAUJANA RD,1.3829032,103.7690618
17 CANTONMENT CL,1.2738137,103.8398541
139 MARSILING RD,1.4377246,103.7773005
249 KIM KEAT LINK,1.3313391,103.8566442
326 TAH CHING RD,1.3357518,103.7226493
547 JURONG WEST ST 42,1.3530948,103.7152058
351 CLEMENTI AVE 2,1.3153568,103.7708724
135 BISHAN ST 12,1.3445821,103.851245
146 BEDOK RESERVOIR RD,1.3346066,103.9118161
602 CLEMENTI WEST ST 1,1.3051374,103.7662553
423 ANG MO KIO AVE 3,1.3687122,103.851562
275 TOH GUAN RD,1.3410574,103.7479468
226 ANG MO KIO AVE 1,1.3677685,103.8383778
827 TAMPINES ST 81,1.3499186,103.9328341
230 TAMPINES ST 24,1.3559606,103.9526953
445 HOUGANG AVE 8,1.3791005,103.8943035
312 ANG MO KIO AVE 3,1.3662195,103.8487765
558 PASIR RIS ST 51,1.3667292,103.9516981
716 YISHUN ST 71,1.4264076,103.827649
309 HOUGANG AVE 5,1.3661857,103.8949604
26 DOVER CRES,1.3060032,103.7815558
20 MARINE TER,1.3040113,103.9148975
304 ANG MO KIO AVE 1,1.3663611,103.8449547
651B JURONG WEST ST 61,1.3371168,103.6984202
140 JLN BT MERAH,1.2781401,103.8295536
454 SIN MING AVE,1.3591653,103.8306379
459 PASIR RIS DR 4,1.3710749,103.9597665
1 ST. GEORGE'S RD,1.3234236,103.8616403
703 WOODLANDS DR 40,1.4412755,103.796677
467 ADMIRALTY DR,1.4524734,103.8145902
105 PASIR RIS ST 12,1.368527,103.9572281
429 HOUGANG AVE 6,1.3755692,103.8936918
240 PASIR RIS ST 21,1.3734738,103.9627583
613 YISHUN ST 61,1.420109,103.835187
437 YISHUN AVE 6,1.4216773,103.8469065
651 YISHUN AVE 4,1.4234939,103.83922
210 NEW UPP CHANGI RD,1.3247277,103.931711
23 TEBAN GDNS RD,1.3229601,103.7391408
302 CANBERRA RD,1.4449854,103.8228714
108 ANG MO KIO AVE 4,1.3709152,103.8382463
663D JURONG WEST ST 65,1.3385892,103.702356
431B YISHUN AVE 1,1.4201968,103.8475762
93 C'WEALTH DR,1.296245,103.799522
451 YISHUN RING RD,1.4220824,103.8446537
23 EUNOS CRES,1.324345,103.9021193
508 TAMPINES CTRL 1,1.3546374,103.9455557
63 TELOK BLANGAH HTS,1.2748311,103.8108943
468 JURONG WEST ST 41,1.3486019,103.7204578
673C JURONG WEST ST 65,1.3448474,103.701295
2 HOLLAND AVE,1.3092152,103.7959526
38 BEDOK STH RD,1.3209933,103.9386438
272 TOH GUAN RD,1.3420783,103.7455254
172 BEDOK STH RD,1.3206302,103.9445817
797 WOODLANDS DR 72,1.4436587,103.8030157
602 JURONG WEST ST 62,1.3403973,103.7005569
20 TECK WHYE LANE,1.3788186,103.753129
290F BT BATOK ST 24,1.3433277,103.7575647
574 HOUGANG ST 51,1.3774959,103.8869184
722 YISHUN ST 71,1.4258862,103.828917
697 HOUGANG ST 61,1.3755325,103.8875301
60 LOR 4 TOA PAYOH,1.3363887,103.8506971
316A ANCHORVALE LINK,1.3925022,103.8895073
114 CLEMENTI ST 13,1.3237749,103.7707819
213 YISHUN ST 21,1.4318616,103.8363313
334 HOUGANG AVE 5,1.3689144,103.8979961
360C ADMIRALTY DR,1.4483653,103.8137069
642D PUNGGOL DR,1.3988534,103.9158815
409 WOODLANDS ST 41,1.429161,103.7734074
306 HOUGANG AVE 5,1.3672084,103.8954135
18 TELOK BLANGAH CRES,1.277911,103.822576
670C EDGEFIELD PLAINS,1.4055696,103.9132411
580 HOUGANG AVE 4,1.3789251,103.8868278
309A ANG MO KIO ST 31,1.3650236,103.8453194
613 CHOA CHU KANG ST 62,1.4006486,103.7444392
102 TOWNER RD,1.3206918,103.8620709
879 TAMPINES AVE 8,1.3520624,103.9308493
855 WOODLANDS ST 83,1.4401222,103.7932361
313 ANG MO KIO AVE 3,1.3666693,103.8501128
643 ANG MO KIO AVE 5,1.3775486,103.8405779
138B YUAN CHING RD,1.3284664,103.724309
222 SIMEI ST 4,1.3415715,103.9569788
104 BEDOK NTH AVE 4,1.3332562,103.936605
416A FERNVALE LINK,1.3905946,103.8798287
314A ANCHORVALE LINK,1.390977,103.88928
91 PAYA LEBAR WAY,1.322677,103.8867146
105D EDGEFIELD PLAINS,1.397401,103.905293
42 TELOK BLANGAH RISE,1.2709676,103.8227058
474 PASIR RIS DR 6,1.3752661,103.9569561
641 BEDOK RESERVOIR RD,1.3318818,103.9052684
842 WOODLANDS ST 82,1.4434311,103.7923306
63 C'WEALTH DR,1.296245,103.799522
688B CHOA CHU KANG DR,1.4036023,103.7503906
158 PASIR RIS ST 13,1.3646899,103.9622144
23 BENDEMEER RD,1.3174366,103.862613
322 WOODLANDS ST 32,1.4314877,103.7786769
410 JURONG WEST ST 42,1.3536895,103.7264278
702 WEST COAST RD,1.307257,103.7611615
676 HOUGANG AVE 8,1.3716708,103.8839963
323 WOODLANDS ST 32,1.4311082,103.7790207
645 WOODLANDS RING RD,1.4370472,103.8009103
415 BEDOK NTH AVE 2,1.3332376,103.9339152
596C ANG MO KIO ST 52,1.3720202,103.8496597
119 MCNAIR RD,1.3199189,103.857088
36 CHAI CHEE AVE,1.3252727,103.9253656
149 WOODLANDS ST 13,1.4357131,103.7731584
422 ANG MO KIO AVE 3,1.3679063,103.851562
647 PUNGGOL CTRL,1.3980326,103.9153894
229 LOR 8 TOA PAYOH,1.3387228,103.8591683
528C PASIR RIS ST 51,1.3710581,103.9480495
81 STRATHMORE AVE,1.2946033,103.809192
316 WOODLANDS ST 31,1.4314938,103.7760335
626 SENJA RD,1.3854703,103.7597445
407 PANDAN GDNS,1.3187027,103.748603
129 BEDOK NTH ST 2,1.3280504,103.9399755
552 BEDOK NTH AVE 1,1.3318804,103.9277675
372 CLEMENTI AVE 4,1.3198395,103.7677038
163 JLN TECK WHYE,1.3809949,103.7570215
313 BT BATOK ST 32,1.360238,103.7471543
454 CHOA CHU KANG AVE 4,1.3791377,103.7348102
37 CIRCUIT RD,1.3280549,103.8867459
417 TAMPINES ST 41,1.3587932,103.9471881
739 TAMPINES ST 72,1.359296,103.9332966
256 ANG MO KIO AVE 4,1.3705997,103.835846
509 HOUGANG AVE 10,1.3723054,103.8881644
442 ANG MO KIO AVE 10,1.3657425,103.8551797
45 CIRCUIT RD,1.3264188,103.8860525
246 TAMPINES ST 21,1.35308,103.947304
270 TOH GUAN RD,1.3411973,103.7458875
61B STRATHMORE AVE,1.2938554,103.8116081
156 TAMPINES ST 12,1.3516141,103.9448992
541 PASIR RIS ST 51,1.3693135,103.9511768
303 CANBERRA RD,1.444651,103.8224589
816 TAMPINES AVE 4,1.3477043,103.9375568
116 BT MERAH CTRL,1.2839699,103.8149968
64 TELOK BLANGAH DR,1.2745397,103.8107131
188C RIVERVALE DR,1.3952134,103.904838
326 HOUGANG AVE 7,1.3680691,103.8984945
217 LOR 8 TOA PAYOH,1.3426955,103.854642
166A PUNGGOL CTRL,1.3946189,103.9155654
530D PASIR RIS DR 1,1.3719019,103.950496
490B TAMPINES ST 45,1.36256,103.95621
688 JURONG WEST CTRL 1,1.3410628,103.7053421
301 JURONG EAST ST 32,1.3440685,103.735526
184C RIVERVALE CRES,1.392731,103.907717
115 POTONG PASIR AVE 1,1.3373096,103.862802
716 PASIR RIS ST 72,1.3831584,103.9366975
115 JURONG EAST ST 13,1.3397925,103.735388
181 ANG MO KIO AVE 5,1.3768573,103.8370688
296 YISHUN ST 20,1.4354029,103.8355063
409 PANDAN GDNS,1.318564,103.7472453
358 TAMPINES ST 33,1.3543935,103.9608771
898B WOODLANDS DR 50,1.4349362,103.7950924
321 TAMPINES ST 33,1.350725,103.957397
107 BEDOK RESERVOIR RD,1.3298653,103.909188
404 BT BATOK WEST AVE 7,1.3655252,103.7451634
430 HOUGANG AVE 6,1.3753913,103.8934104
323 HOUGANG AVE 5,1.367194,103.8978602
228 TAMPINES ST 23,1.3555834,103.9545991
738 YISHUN ST 72,1.4294141,103.8323581
634B SENJA RD,1.3858914,103.7576531
691A CHOA CHU KANG CRES,1.4011933,103.7517644
683C JURONG WEST ST 64,1.3433361,103.7047014
690B CHOA CHU KANG CRES,1.4033746,103.7516128
236 BT BATOK EAST AVE 5,1.3496457,103.7554858
501 BEDOK NTH ST 3,1.3315687,103.9308803
230 PASIR RIS ST 21,1.3727523,103.9609451
173D PUNGGOL FIELD,1.3958472,103.9108489
19 BEDOK STH RD,1.3197717,103.9342936
692 JURONG WEST CTRL 1,1.3420795,103.7067888
729 TAMPINES ST 71,1.3564363,103.9340217
750 PASIR RIS ST 71,1.3782003,103.9347242
470 JURONG WEST ST 41,1.3481313,103.7211881
441 JURONG WEST AVE 1,1.3513788,103.7205452
765 CHOA CHU KANG NTH 5,1.392842,103.7498703
371 WOODLANDS AVE 1,1.4323082,103.7868073
206B COMPASSVALE LANE,1.3872548,103.8970422
203 TAMPINES ST 21,1.3522288,103.9524233
542 BEDOK NTH ST 3,1.3307383,103.9227825
521 PASIR RIS ST 52,1.3737543,103.9444724
82 STRATHMORE AVE,1.2945674,103.8087887
208 TOA PAYOH NTH,1.341957,103.845176
459 TAMPINES ST 42,1.3583684,103.9540551
219 PASIR RIS ST 21,1.369327,103.961705
38 LOR 5 TOA PAYOH,1.335372,103.855095
201D COMPASSVALE DR,1.3873441,103.8936045
421 SERANGOON CTRL,1.3487274,103.8750262
611 BT PANJANG RING RD,1.3838273,103.7615478
829 YISHUN ST 81,1.4146436,103.8331177
256 BISHAN ST 22,1.3612866,103.8429004
814 TAMPINES ST 81,1.3472705,103.9366504
641 JURONG WEST ST 61,1.3407378,103.696254
245 COMPASSVALE RD,1.392952,103.8992889
353C ADMIRALTY DR,1.449724,103.8193166
533 UPP CROSS ST,1.2839985,103.8459049
218 PETIR RD,1.3744281,103.7736564
443A FAJAR RD,1.3814884,103.7696729
686B WOODLANDS DR 73,1.4426114,103.8061852
869 WOODLANDS ST 83,1.4428332,103.794051
503 JURONG WEST AVE 1,1.3500085,103.717924
138 SERANGOON NTH AVE 2,1.3674019,103.8742616
85A LOR 4 TOA PAYOH,1.3363302,103.8492944
473 ANG MO KIO AVE 10,1.363114,103.8568162
274 BANGKIT RD,1.3771518,103.7747655
493 ADMIRALTY LINK,1.4564339,103.8165839
774 YISHUN AVE 3,1.4235547,103.831938
95 OLD AIRPORT RD,1.3084089,103.8872582
157 BEDOK STH AVE 3,1.3186821,103.9457167
513 WEST COAST RD,1.3086838,103.7601899
57 GEYLANG BAHRU,1.3234434,103.8690181
506A WELLINGTON CIRCLE,1.4518966,103.8241167
338 TAMPINES ST 33,1.3518941,103.9595852
208A COMPASSVALE LANE,1.3845534,103.8983133
215 TAMPINES ST 23,1.3546581,103.9532166
103B DEPOT RD,1.2808119,103.8130737
778 YISHUN AVE 2,1.422214,103.833668
622 WOODLANDS DR 52,1.43418,103.7987144
26 TANGLIN HALT RD,1.29814,103.7997475
404 ANG MO KIO AVE 10,1.3617351,103.854642
54 LOR 5 TOA PAYOH,1.3373801,103.8502901
508A WELLINGTON CIRCLE,1.4524527,103.8202902
174C EDGEDALE PLAINS,1.3970113,103.9105474
123 YISHUN ST 11,1.4346914,103.8318689
280 TOH GUAN RD,1.3403647,103.7474037
178 LOMPANG RD,1.3802897,103.7647163
229 BT BATOK EAST AVE 3,1.3482923,103.7545951
14 REDHILL CL,1.2855679,103.8165978
122E RIVERVALE DR,1.387927,103.905845
101 PASIR RIS ST 12,1.3670571,103.9581347
852 JURONG WEST ST 81,1.3474216,103.6955872
174 YISHUN AVE 7,1.4374434,103.8318144
715 TAMPINES ST 71,1.3596391,103.9371942
643 YISHUN ST 61,1.421359,103.8374311
57 CIRCUIT RD,1.3247267,103.8865333
165 BISHAN ST 13,1.3492211,103.8562047
413 WOODLANDS ST 41,1.4278259,103.7727054
359 YUNG AN RD,1.3355715,103.7212952
95 C'WEALTH DR,1.296245,103.799522
981C BUANGKOK CRES,1.380449,103.8796898
624B WOODLANDS DR 52,1.4341733,103.799801
288D JURONG EAST ST 21,1.33892,103.7427355
312 WOODLANDS ST 31,1.430703,103.7755899
17 EUNOS CRES,1.3233814,103.9042942
629 HOUGANG AVE 8,1.3698583,103.8809066
3 UPP ALJUNIED LANE,1.334062,103.880009
700B ANG MO KIO AVE 6,1.3694778,103.8459457
113 TAO CHING RD,1.3331206,103.7241766
108 JLN RAJAH,1.3280958,103.855501
213 LOR 8 TOA PAYOH,1.3410285,103.854417
158 HOUGANG ST 11,1.3517009,103.880456
65 NEW UPP CHANGI RD,1.3247143,103.9398229
403 YISHUN AVE 6,1.4269743,103.8488897
307 CLEMENTI AVE 4,1.3214534,103.7670701
690F WOODLANDS DR 75,1.4426403,103.8075741
735 YISHUN ST 72,1.4289369,103.831165
554 HOUGANG ST 51,1.378769,103.889747
612 CLEMENTI WEST ST 1,1.303383,103.7683654
662 HOUGANG AVE 4,1.3744676,103.8827304
19 MARINE TER,1.3048157,103.9148975
132 EDGEDALE PLAINS,1.3932361,103.9109131
308B PUNGGOL WALK,1.4073008,103.8999682
914 TAMPINES ST 91,1.3490102,103.939551
143 YISHUN RING RD,1.4310605,103.8309242
210A PUNGGOL PL,1.4001339,103.90042
490 ADMIRALTY LINK,1.4551514,103.8171838
119 BT MERAH VIEW,1.2835678,103.8208789
152 ANG MO KIO AVE 5,1.3767366,103.8401188
54 CHAI CHEE ST,1.3296502,103.9211511
196 RIVERVALE DR,1.3929133,103.9034333
619 CHOA CHU KANG NTH 7,1.4002634,103.7475168
65 TEBAN GDNS RD,1.3219768,103.7391894
87 DAWSON RD,1.2960052,103.8099048
634 PASIR RIS DR 1,1.3777815,103.9404575
114 BEDOK RESERVOIR RD,1.3305197,103.909913
704 PASIR RIS DR 10,1.380822,103.9373075
122 PAYA LEBAR WAY,1.3226276,103.8825465
205 YISHUN ST 21,1.431124,103.8362536
12 TAMAN HO SWEE,1.2878713,103.8327211
634 BEDOK RESERVOIR RD,1.3303031,103.9048337
110 JURONG EAST ST 13,1.3390539,103.7364741
911 HOUGANG ST 91,1.3789269,103.8834526
111 LOR 1 TOA PAYOH,1.341302,103.8455607
105 BEDOK NTH AVE 4,1.3336952,103.936605
229 PENDING RD,1.3753386,103.7715062
666A YISHUN AVE 4,1.419375,103.840006
80 LOR 4 TOA PAYOH,1.3352569,103.8484855
716 BEDOK RESERVOIR RD,1.3378249,103.9247765
314 UBI AVE 1,1.3293122,103.9035693
101 BEDOK RESERVOIR RD,1.3284164,103.909845
330 ANG MO KIO AVE 1,1.3623423,103.8510185
434 TAMPINES ST 43,1.3592614,103.9516074
431 TAMPINES ST 41,1.3593399,103.9507009
124A RIVERVALE DR,1.3884501,103.9022552
771 CHOA CHU KANG ST 54,1.394514,103.7492593
286 BT BATOK EAST AVE 3,1.3464285,103.7581229
239 BT PANJANG RING RD,1.3799481,103.7712496
236 LOR 1 TOA PAYOH,1.3406172,103.8522803
437 TAMPINES ST 43,1.3599311,103.951627
287 BT BATOK EAST AVE 3,1.3471391,103.7582917
680B JURONG WEST CTRL 1,1.3450262,103.7052539
370 BT BATOK ST 31,1.3600039,103.7495082
477 JURONG WEST ST 41,1.3476958,103.7251637
568 HOUGANG ST 51,1.3780886,103.8888893
12C MARSILING LANE,1.4409828,103.7777954
208C PUNGGOL PL,1.4008422,103.9012778
180 LOMPANG RD,1.3790535,103.7648184
487 SEGAR RD,1.3892595,103.7710995
268B BOON LAY DR,1.347638,103.7080555
439C SENGKANG WEST AVE,1.3922478,103.8786353
26 GHIM MOH LINK,1.3083214,103.7857208
925 HOUGANG ST 91,1.3767413,103.882368
118D JLN MEMBINA,1.2825118,103.8267659
536 JURONG WEST ST 52,1.3498698,103.7165666
610 ANG MO KIO AVE 4,1.3798478,103.8394238
328 SEMBAWANG CRES,1.4453726,103.8195561
161 TAMPINES ST 12,1.3499882,103.9459958
985A BUANGKOK CRES,1.3812182,103.8801001
10 HOLLAND AVE,1.3082732,103.7943227
103 RIVERVALE WALK,1.3818545,103.9016192
89 C'WEALTH DR,1.296245,103.799522
506 ANG MO KIO AVE 8,1.3743701,103.8487538
505 SERANGOON NTH AVE 4,1.3702886,103.8716082
635 JURONG WEST ST 65,1.3427327,103.698352
117 ANG MO KIO AVE 4,1.3736407,103.8358007
61 CHAI CHEE RD,1.3251171,103.9206073
113 RIVERVALE WALK,1.3843141,103.9015756
237 YISHUN RING RD,1.433377,103.8389644
318B YISHUN AVE 9,1.4336453,103.8438623
148 RIVERVALE CRES,1.3911315,103.9052468
612A PUNGGOL DR,1.4043547,103.909246
349 UBI AVE 1,1.325855,103.9003522
674A CHOA CHU KANG CRES,1.401663,103.7465211
17 MARSILING LANE,1.4426402,103.7777532
182 PASIR RIS ST 11,1.3646421,103.9610131
317B ANCHORVALE RD,1.393881,103.8887533
405 PANDAN GDNS,1.3192822,103.7496893
390 BT BATOK WEST AVE 5,1.3653291,103.7524912
301 BT BATOK ST 31,1.3568538,103.7486738
1B CANTONMENT RD,1.2779525,103.8413917
290B COMPASSVALE CRES,1.3968469,103.8968381
683C CHOA CHU KANG CRES,1.4047226,103.7460871
334B YISHUN ST 31,1.4326242,103.8454922
623 SENJA RD,1.3862425,103.762272
929 HOUGANG ST 91,1.3760627,103.8815272
668B JURONG WEST ST 64,1.3421179,103.703374
688D WOODLANDS DR 75,1.4435573,103.8075436
21 BEDOK STH RD,1.3201442,103.9331153
457 SEGAR RD,1.3880848,103.7710559
103 ANG MO KIO AVE 3,1.3709821,103.8393332
118A JLN MEMBINA,1.2816044,103.8255885
445B FERNVALE RD,1.3923867,103.8740321
447 PASIR RIS DR 6,1.3708196,103.957886
897A TAMPINES ST 81,1.347498,103.9352907
62B STRATHMORE AVE,1.2945274,103.8110342
861 YISHUN AVE 4,1.4174108,103.8396426
474 ANG MO KIO AVE 10,1.3627956,103.8580137
69 CIRCUIT RD,1.3249775,103.8874591
197 RIVERVALE DR,1.392618,103.9037958
282A SENGKANG EAST AVE,1.3856436,103.8920716
631 HOUGANG AVE 8,1.370734,103.8813688
108 LENGKONG TIGA,1.324574,103.910072
6 ST. GEORGE'S LANE,1.3232004,103.859081
119 BT BATOK WEST AVE 6,1.3504294,103.746615
418 BEDOK NTH AVE 2,1.3332535,103.9339121
942 TAMPINES AVE 5,1.3497843,103.9406149
898 TAMPINES ST 81,1.347281,103.9348375
520 JELAPANG RD,1.3865844,103.7664364
77 TELOK BLANGAH DR,1.2739306,103.8089365
302 SERANGOON AVE 2,1.3532393,103.8672346
66 BEDOK STH AVE 3,1.3184368,103.9438581
180A RIVERVALE CRES,1.3902744,103.9096411
327 TAH CHING RD,1.3362832,103.7226268
158 YISHUN ST 11,1.432308,103.8346232
623 BT BATOK CTRL,1.3508713,103.7493985
105B EDGEFIELD PLAINS,1.397269,103.906206
787E WOODLANDS CRES,1.4448377,103.8022913
165 HOUGANG AVE 1,1.3505387,103.8877339
340 BT BATOK ST 34,1.3631549,103.7495082
275C JURONG WEST ST 25,1.3531849,103.7027406
637B PUNGGOL DR,1.3994834,103.9148457
332 JURONG EAST AVE 1,1.3516928,103.7302325
916 HOUGANG AVE 9,1.3749574,103.8843319
118B JLN MEMBINA,1.2818215,103.8259961
877 WOODLANDS AVE 9,1.4451443,103.791312
578 ANG MO KIO AVE 10,1.3718165,103.8549308
268 TAMPINES ST 21,1.3514326,103.9477774
454 CLEMENTI AVE 3,1.3122347,103.7664364
407 SIN MING AVE,1.3634665,103.8341703
619 HOUGANG AVE 8,1.3698395,103.8839963
758 YISHUN ST 72,1.4260358,103.8340793
19 EUNOS CRES,1.3243382,103.9032913
408 TAMPINES ST 41,1.3587863,103.9452618
613D PUNGGOL DR,1.403739,103.908931
163 STIRLING RD,1.291904,103.8026439
421 FAJAR RD,1.3844438,103.7699853
622C PUNGGOL CTRL,1.4007295,103.9107966
542 JURONG WEST AVE 1,1.3513402,103.7154808
922 HOUGANG ST 91,1.3763631,103.883362
294 TAMPINES ST 22,1.3507569,103.9537831
741 YISHUN AVE 5,1.4300428,103.8330834
113 POTONG PASIR AVE 1,1.3362015,103.863436
14B LOR 7 TOA PAYOH,1.3357243,103.8583599
180 BT BATOK WEST AVE 8,1.3456092,103.742742
538 JELAPANG RD,1.3837412,103.7637205
913 TAMPINES ST 91,1.3487944,103.9389165
465 PASIR RIS ST 41,1.3735308,103.9585616
327 TAMPINES ST 32,1.352467,103.9584858
250 BANGKIT RD,1.3806737,103.7737347
144 LOR 2 TOA PAYOH,1.3353387,103.8441841
3 ST. GEORGE'S RD,1.3228769,103.8612779
763 WOODLANDS AVE 6,1.4454637,103.7960431
710 WOODLANDS DR 70,1.4407566,103.797492
331 SEMBAWANG CL,1.4475192,103.8167582
337 UBI AVE 1,1.3260864,103.9014623
728 WOODLANDS CIRCLE,1.4428218,103.7988729
181 BEDOK NTH RD,1.326608,103.9412733
644 WOODLANDS RING RD,1.4371343,103.8016574
474 JURONG WEST ST 41,1.3480683,103.7240777
323 UBI AVE 1,1.3281186,103.9043622
43 MARINE CRES,1.3054477,103.9130396
641C PUNGGOL DR,1.3991522,103.9164728
635 PASIR RIS DR 1,1.3774712,103.9402988
38 UPP BOON KENG RD,1.3181487,103.8742208
579 WOODLANDS DR 16,1.4307849,103.795862
126 BEDOK NTH ST 2,1.3336958,103.9319607
452 PASIR RIS DR 6,1.3714736,103.9573076
64 C'WEALTH DR,1.296245,103.799522
234 YISHUN ST 21,1.4344018,103.8376516
504B MONTREAL DR,1.4510207,103.8233016
131C KIM TIAN RD,1.2803779,103.8288552
234 LOR 8 TOA PAYOH,1.3385795,103.8579902
438A SENGKANG WEST AVE,1.3928691,103.8773667
54 PIPIT RD,1.3242819,103.8875299
122 MCNAIR RD,1.3184653,103.8569794
502 HOUGANG AVE 8,1.3730219,103.8870109
99 C'WEALTH CRES,1.352083,103.819836
120 SIMEI ST 1,1.344645,103.953037
311A CLEMENTI AVE 4,1.3190461,103.7656216
66 KALLANG BAHRU,1.3207077,103.8699009
872 TAMPINES ST 84,1.3542317,103.9323222
939 HOUGANG ST 92,1.3739675,103.8796471
170 BISHAN ST 13,1.3464358,103.853555
166 YISHUN RING RD,1.4363075,103.8316116
321 JURONG EAST ST 31,1.348473,103.7301415
253 BISHAN ST 22,1.3622363,103.8431404
515 WEST COAST RD,1.3083936,103.7597373
205 JURONG EAST ST 21,1.3374861,103.7429009
342A YISHUN RING RD,1.4307809,103.8443152
337 ANG MO KIO AVE 1,1.3631812,103.8516073
116 BEDOK NTH RD,1.3309428,103.9381007
167 STIRLING RD,1.2900121,103.8026535
789 CHOA CHU KANG NTH 6,1.3958547,103.7488746
667A JURONG WEST ST 65,1.3415983,103.7013607
607 ELIAS RD,1.376433,103.942429
643 PUNGGOL CTRL,1.3973449,103.9159851
605 CLEMENTI WEST ST 1,1.3053474,103.7679754
351 UBI AVE 1,1.3255966,103.90076
349 CORPORATION DR,1.339429,103.718934
348 KANG CHING RD,1.3399636,103.7200646
275C COMPASSVALE LINK,1.383236,103.89396
234 ANG MO KIO AVE 3,1.3671883,103.8366159
58 STRATHMORE AVE,1.2931415,103.8108517
468 SEGAR RD,1.3875331,103.7733621
86 REDHILL CL,1.2869242,103.8188638
333 CLEMENTI AVE 2,1.3151566,103.7674322
7 MARSILING DR,1.4416288,103.7766835
572 CHOA CHU KANG ST 52,1.3938239,103.7450728
657 WOODLANDS RING RD,1.4367129,103.7985786
15 HOUGANG AVE 3,1.3626889,103.8917889
110 YISHUN RING RD,1.4336617,103.8292793
545 ANG MO KIO AVE 10,1.3732261,103.8563633
638 YISHUN ST 61,1.4201093,103.8381329
8 HOLLAND AVE,1.306882,103.7945038
894A TAMPINES ST 81,1.3480304,103.9318463
16 JOO SENG RD,1.3368564,103.8802134
541 SERANGOON NTH AVE 4,1.3742952,103.8726702
367 YISHUN RING RD,1.4296042,103.8447681
108 GANGSA RD,1.3777097,103.7671606
233 SIMEI ST 4,1.3440813,103.9564122
674A JURONG WEST ST 65,1.3446024,103.7021772
223 BT BATOK EAST AVE 3,1.3481947,103.7530415
742 TAMPINES ST 72,1.3597094,103.9334758
170 BEDOK STH RD,1.3206577,103.9461681
344 ANG MO KIO AVE 3,1.3679939,103.8492013
936 JURONG WEST ST 91,1.3425846,103.6894435
82 BEDOK NTH RD,1.3295396,103.9403668
129 MARSILING RISE,1.4378076,103.7787265
20 EUNOS CRES,1.3247046,103.9032068
249 YISHUN AVE 9,1.4351991,103.8417789
614 CHOA CHU KANG ST 62,1.4010185,103.7438961
4 JLN BATU,1.3018661,103.8839827
604B PUNGGOL RD,1.403921,103.9072848
9 TOH YI DR,1.3383289,103.7735887
291A COMPASSVALE ST,1.395856,103.8983296
94 WHAMPOA DR,1.3219764,103.8557286
546 CHOA CHU KANG ST 52,1.3930467,103.7431946
89 BEDOK NTH ST 4,1.3319381,103.9250898
614 ELIAS RD,1.3758668,103.9421798
403C FERNVALE LANE,1.3882223,103.8729006
532 SERANGOON NTH AVE 4,1.3748794,103.8741202
523 JURONG WEST ST 52,1.3468317,103.7161587
696 HOUGANG ST 61,1.3759716,103.8876209
316 UBI AVE 1,1.3290262,103.9023912
412 EUNOS RD 5,1.3182973,103.8991316
608 WOODLANDS RING RD,1.4362114,103.7965865
571 PASIR RIS ST 53,1.3731359,103.9457151
366 CLEMENTI AVE 2,1.3125343,103.7717325
257 SERANGOON CTRL DR,1.3552976,103.871953
325 TAMPINES ST 32,1.352381,103.9590921
44 JLN BAHAGIA,1.3274736,103.8572465
207 SERANGOON CTRL,1.3538134,103.8734354
475 JURONG WEST ST 41,1.3480631,103.7249828
95 GEYLANG BAHRU,1.3229199,103.8709127
30A HOLLAND CL,1.3075071,103.7971977
176A EDGEFIELD PLAINS,1.3989776,103.9082623
235 ANG MO KIO AVE 3,1.3669343,103.8362083
118 BEDOK RESERVOIR RD,1.3310913,103.90912
310 CANBERRA RD,1.4470627,103.8223054
411 PASIR RIS DR 6,1.3725538,103.9543044
557 HOUGANG ST 51,1.3799539,103.890429
608 ANG MO KIO AVE 5,1.3787452,103.8369103
115 WHAMPOA RD,1.3265575,103.857473
871C TAMPINES ST 86,1.3568357,103.9314611
233 BAIN ST,1.2967926,103.8540468
434B FERNVALE RD,1.3947239,103.8765665
628A WOODLANDS RING RD,1.4347162,103.8010235
744 WOODLANDS CIRCLE,1.442822,103.795862
170 BT BATOK WEST AVE 8,1.3465113,103.7400971
202B SENGKANG EAST RD,1.388104,103.8927334
14 ST. GEORGE'S RD,1.3235297,103.861874
144 RIVERVALE DR,1.3892339,103.9059708
39 JLN RUMAH TINGGI,1.2886362,103.8101018
634 YISHUN ST 61,1.4189017,103.8390765
513 CHOA CHU KANG ST 51,1.3897874,103.7425158
15 ST. GEORGE'S RD,1.3243556,103.8617992
1 HOUGANG AVE 3,1.3641651,103.8929442
161B PUNGGOL CTRL,1.3958567,103.9152405
813 TAMPINES ST 81,1.3469787,103.9364691
145 JLN BT MERAH,1.2774094,103.8305384
851 TAMPINES ST 83,1.3529426,103.9349306
462 CRAWFORD LANE,1.3045349,103.8610712
236 TAMPINES ST 21,1.3559199,103.9471655
405 JURONG WEST ST 42,1.354268,103.721405
549 ANG MO KIO AVE 10,1.3730959,103.8573621
788D WOODLANDS CRES,1.4439563,103.8023818
2 JLN BATU,1.303136,103.8838814
679 WOODLANDS AVE 6,1.4402882,103.8020196
655 HOUGANG AVE 8,1.3730745,103.8820029
308C ANCHORVALE RD,1.3896444,103.8863974
771 YISHUN AVE 3,1.423956,103.8326305
716 CLEMENTI WEST ST 2,1.302303,103.7628152
20 CHAI CHEE RD,1.3260559,103.9230056
107 BEDOK NTH RD,1.3324161,103.9363784
440 CHOA CHU KANG AVE 4,1.383778,103.739234
654 JLN TENAGA,1.3333993,103.9069439
27 TELOK BLANGAH WAY,1.2745221,103.8214536
721 TAMPINES ST 71,1.3600832,103.9363784
325 BT BATOK ST 33,1.3625814,103.7473365
123A RIVERVALE DR,1.3860551,103.902891
131 BISHAN ST 12,1.3455718,103.8510185
633B SENJA RD,1.3851829,103.7585831
433 HOUGANG AVE 8,1.3761548,103.8937824
409A FERNVALE RD,1.3892231,103.8772007
766 BEDOK RESERVOIR VIEW,1.3360025,103.9361971
52 TELOK BLANGAH DR,1.2738102,103.8111707
159 LOR 1 TOA PAYOH,1.3306691,103.8455834
132 SIMEI ST 1,1.3469392,103.9557776
135 EDGEDALE PLAINS,1.3921233,103.9098903
241 KIM KEAT LINK,1.3305485,103.8554281
750 WOODLANDS AVE 4,1.444302,103.7939605
126 YISHUN ST 11,1.4335111,103.8299133
752 JURONG WEST ST 74,1.3487403,103.6995314
912 HOUGANG ST 91,1.3785063,103.884245
31 TEBAN GDNS RD,1.3203493,103.7389093
714 PASIR RIS ST 72,1.3830788,103.9371987
849 TAMPINES ST 83,1.352896,103.935495
512 CHOA CHU KANG ST 51,1.3895205,103.7411906
438 TAMPINES ST 43,1.3603596,103.9516074
216D COMPASSVALE DR,1.3901857,103.8946635
219 BISHAN ST 23,1.3571115,103.8495416
491 JURONG WEST AVE 1,1.351538,103.7195567
642 ANG MO KIO AVE 5,1.3779366,103.8404202
692A CHOA CHU KANG CRES,1.4002592,103.751296
505 TAMPINES CTRL 1,1.3554923,103.9451712
213 TAMPINES ST 23,1.3547808,103.9541458
265 BOON LAY DR,1.3456778,103.7066115
320D ANCHORVALE DR,1.3909162,103.8918152
510 BT BATOK ST 52,1.3526586,103.7548794
308A ANCHORVALE RD,1.3896638,103.8862426
184 PASIR RIS ST 11,1.3643456,103.9613008
498A TAMPINES ST 45,1.3615405,103.9581617
130 GEYLANG EAST AVE 1,1.3167997,103.8877793
216 PASIR RIS ST 21,1.3690908,103.9609451
18 JOO SENG RD,1.3367972,103.8809609
451 FAJAR RD,1.3850896,103.772111
508 WEST COAST DR,1.3116756,103.7617289
639 PASIR RIS DR 1,1.3767042,103.9399362
979B BUANGKOK CRES,1.3794876,103.8793371
106 BT PURMEI RD,1.2730751,103.8256575
327 JURONG EAST ST 31,1.3491319,103.7290524
52 NEW UPP CHANGI RD,1.3253182,103.9429503
836 JURONG WEST ST 81,1.3425961,103.6933981
81 C'WEALTH CL,1.352083,103.819836
101 CLEMENTI ST 14,1.322102,103.7688807
488 ADMIRALTY LINK,1.4551935,103.8163959
320A ANCHORVALE DR,1.3900098,103.8911767
229 SIMEI ST 4,1.3431139,103.9560269
524 SERANGOON NTH AVE 4,1.3727532,103.8727434
27 GHIM MOH LINK,1.3083426,103.7852002
300 CANBERRA RD,1.4459259,103.8229148
126 BEDOK RESERVOIR RD,1.3327874,103.910842
109 WHAMPOA RD,1.3267243,103.855406
652 HOUGANG AVE 8,1.3724178,103.8815498
842H TAMPINES ST 82,1.3509299,103.936741
793 WOODLANDS AVE 6,1.441822,103.8017712
423 CANBERRA RD,1.4536959,103.8181393
291C COMPASSVALE ST,1.3964238,103.8985851
832 JURONG WEST ST 81,1.3442968,103.6950966
440 YISHUN AVE 11,1.422404,103.8464892
816 JURONG WEST ST 81,1.3456626,103.6964769
226 PASIR RIS ST 21,1.3711358,103.9618517
631 PASIR RIS DR 3,1.3788637,103.9401629
272D JURONG WEST ST 24,1.3511113,103.7045311
763 CHOA CHU KANG NTH 5,1.3928501,103.7485125
744 JURONG WEST ST 73,1.3468187,103.699192
141 LOR AH SOO,1.3531456,103.8840887
633 YISHUN ST 61,1.4185572,103.8397861
127 PASIR RIS ST 11,1.3654634,103.9552336
108 JURONG EAST ST 13,1.3382997,103.737085
491H TAMPINES ST 45,1.3628518,103.9542138
308C PUNGGOL WALK,1.4079702,103.8991164
363 WOODLANDS AVE 5,1.4339503,103.7859223
316 BT BATOK ST 32,1.3606049,103.7469737
126 RIVERVALE ST,1.3890815,103.9022783
288C PUNGGOL PL,1.402623,103.9037505
908 JURONG WEST ST 91,1.3405113,103.6864312
111 RIVERVALE WALK,1.3842837,103.9005335
258 JURONG EAST ST 24,1.3437346,103.7389199
124C RIVERVALE DR,1.3878813,103.9033669
36 MARSILING DR,1.4453273,103.7723011
709 TAMPINES ST 71,1.3580262,103.9375568
629 PASIR RIS DR 3,1.3788706,103.9406362
28 TELOK BLANGAH RISE,1.2739914,103.8209274
99 ALJUNIED CRES,1.3213798,103.8844074
428 BEDOK NTH RD,1.3295047,103.9273597
112 ANG MO KIO AVE 4,1.3713334,103.8356648
570 HOUGANG ST 51,1.3780197,103.8881644
667 WOODLANDS RING RD,1.4386252,103.7979447
714 TAMPINES ST 71,1.3600682,103.9372097
336 UBI AVE 1,1.3258088,103.9020287
642 CHOA CHU KANG ST 64,1.3984195,103.7492367
264 BOON LAY DR,1.3461885,103.7069736
830 WOODLANDS ST 83,1.4392565,103.7907913
657B JURONG WEST ST 65,1.336041,103.7008177
110 RIVERVALE WALK,1.3835833,103.9002807
129 PASIR RIS ST 11,1.3664858,103.9556869
302B PUNGGOL PL,1.4043254,103.9048052
168 BOON LAY DR,1.3469522,103.706381
233 JURONG EAST ST 21,1.3403469,103.7409092
772 WOODLANDS DR 60,1.4472307,103.7981937
423 BT BATOK WEST AVE 2,1.3620836,103.7447108
939 JURONG WEST ST 91,1.3431348,103.6888741
76A REDHILL RD,1.288727,103.8168261
5 TOH YI DR,1.3381784,103.7746733
498D TAMPINES ST 45,1.3611184,103.9594946
54 MARINE TER,1.3052656,103.9154135
213 PASIR RIS ST 21,1.3683773,103.9617772
108 POTONG PASIR AVE 1,1.3350245,103.8678461
48 LOWER DELTA RD,1.2889321,103.8260187
691B CHOA CHU KANG CRES,1.4015599,103.7514997
426 ANG MO KIO AVE 3,1.3695083,103.8531928
326 ANG MO KIO AVE 3,1.3670654,103.8478731
229 YISHUN ST 21,1.434889,103.836926
409 CLEMENTI AVE 1,1.3114922,103.7683375
14 EUNOS CRES,1.3232045,103.9032521
104 CLEMENTI ST 14,1.3229784,103.7692429
22 TEBAN GDNS RD,1.3227791,103.7397325
5 GHIM MOH RD,1.312624,103.7883466
739 YISHUN AVE 5,1.4294636,103.8318153
110 ANG MO KIO AVE 4,1.3704772,103.8372853
273D COMPASSVALE LINK,1.3841826,103.8946913
233 LOR 8 TOA PAYOH,1.3382109,103.8584432
842B TAMPINES ST 82,1.3513691,103.936741
73 TELOK BLANGAH HTS,1.2757603,103.8092221
193 EDGEFIELD PLAINS,1.4000254,103.9090067
406 HOUGANG AVE 10,1.3736495,103.8962291
333 UBI AVE 1,1.3266996,103.9029145
845 TAMPINES ST 83,1.3521378,103.9347236
305D PUNGGOL DR,1.4057761,103.9070448
518 WEST COAST RD,1.3082513,103.7590131
624A PUNGGOL CTRL,1.3997361,103.911431
359 TAMPINES ST 34,1.3559073,103.961761
267 PASIR RIS ST 21,1.3657817,103.9633023
120 PAYA LEBAR WAY,1.3226178,103.8842681
503A CANBERRA LINK,1.4505169,103.8216714
902 TAMPINES AVE 4,1.3512821,103.9390978
209A COMPASSVALE LANE,1.3835141,103.8985243
330 SERANGOON AVE 3,1.3499325,103.8696439
667C JURONG WEST ST 65,1.3411536,103.7022655
717 CLEMENTI WEST ST 2,1.3032415,103.7625384
113 SIMEI ST 1,1.3428567,103.9499077
227 PASIR RIS ST 21,1.3717232,103.9615797
857 TAMPINES ST 83,1.3543021,103.9359252
454 HOUGANG AVE 10,1.3785991,103.8954588
18A HOLLAND DR,1.3110337,103.7916988
323 TAH CHING RD,1.3369347,103.7239845
257B COMPASSVALE RD,1.3925762,103.8969616
420 TAMPINES ST 41,1.3578944,103.9475281
199 TOA PAYOH NTH,1.3419864,103.8506561
602 ANG MO KIO AVE 5,1.3807151,103.8353025
708 BEDOK NTH RD,1.3350028,103.9192478
458 SEGAR RD,1.3880961,103.771144
260C SENGKANG EAST WAY,1.3941044,103.8954105
742 BEDOK RESERVOIR RD,1.3380527,103.9219724
315B ANG MO KIO ST 31,1.364145,103.847474
861 WOODLANDS ST 83,1.4395956,103.7953187
250 CHOA CHU KANG AVE 2,1.3793056,103.7453287
337D TAH CHING RD,1.3375336,103.7217221
100 LOR 1 TOA PAYOH,1.3395648,103.848502
541 JURONG WEST AVE 1,1.3511912,103.7161143
353 WOODLANDS AVE 1,1.4319501,103.7853586
8 JLN KUKOH,1.2873774,103.8394012
755 JURONG WEST ST 74,1.3483696,103.700718
365 YISHUN RING RD,1.429253,103.8451984
258 TAMPINES ST 21,1.354365,103.950157
526 BT BATOK ST 51,1.3571384,103.750866
36 LOR 5 TOA PAYOH,1.3348599,103.855095
668D JURONG WEST ST 64,1.3415506,103.7030597
276D JURONG WEST ST 25,1.3536146,103.7044599
246 PASIR RIS ST 21,1.3712058,103.9623957
97 BEDOK NTH AVE 4,1.3329078,103.9399136
359 WOODLANDS AVE 5,1.4341418,103.7840231
231 PASIR RIS DR 4,1.373483,103.9612171
103 YISHUN RING RD,1.4319016,103.8289483
230 BISHAN ST 23,1.3579908,103.8453428
166 BEDOK STH AVE 3,1.32001,103.9451699
919 JURONG WEST ST 91,1.3399185,103.6876074
140 PETIR RD,1.3754452,103.7689486
107 SIMEI ST 1,1.3423571,103.9508822
121 ANG MO KIO AVE 3,1.3697115,103.8435905
204D PUNGGOL FIELD,1.3984509,103.9027537
589B MONTREAL DR,1.4496863,103.8253847
479 JURONG WEST ST 41,1.3471872,103.7244395
290 BISHAN ST 24,1.3562373,103.8448777
8 SELEGIE RD,1.3030749,103.8505429
164 SIMEI RD,1.3461484,103.958117
691 JURONG WEST CTRL 1,1.3421014,103.7061515
246 BANGKIT RD,1.3814452,103.7728961
301 CLEMENTI AVE 4,1.3221245,103.7648974
3 TEBAN GDNS RD,1.3216411,103.7450992
784 CHOA CHU KANG DR,1.3950865,103.7470303
351 ANG MO KIO ST 32,1.3643699,103.8503066
308 CLEMENTI AVE 4,1.3210521,103.7668438
555 PASIR RIS ST 51,1.3681007,103.9519474
173 GANGSA RD,1.3799842,103.7667985
18 DOVER CRES,1.3081155,103.7832761
747 JURONG WEST ST 73,1.3476723,103.697337
316B ANCHORVALE LINK,1.393069,103.8889538
218 LOR 8 TOA PAYOH,1.3427656,103.8551856
303 CLEMENTI AVE 4,1.321312,103.764874
912 TAMPINES ST 91,1.349451,103.9392791
201 SERANGOON CTRL,1.350979,103.8735153
646 WOODLANDS RING RD,1.4375825,103.8003896
360 YISHUN RING RD,1.4277638,103.8457645
114 POTONG PASIR AVE 1,1.3367894,103.8632483
769 BEDOK RESERVOIR VIEW,1.3358468,103.9378287
135 JLN BT MERAH,1.2787812,103.8271282
680 CHOA CHU KANG CRES,1.4033031,103.7447206
349 BT BATOK ST 34,1.3621269,103.7498703
875 WOODLANDS ST 82,1.442493,103.7895141
168 WOODLANDS ST 11,1.4329585,103.7765762
10A BOON TIONG RD,1.2864219,103.8291656
122 YISHUN ST 11,1.434945,103.8311689
450 ANG MO KIO AVE 10,1.3684682,103.8555491
249 JURONG EAST ST 24,1.3425344,103.7393453
540 HOUGANG AVE 8,1.377873,103.8912679
154 YUNG HO RD,1.3275113,103.7218348
112 YISHUN RING RD,1.4341765,103.8290981
957 HOUGANG ST 91,1.3765273,103.8793726
101 JLN RAJAH,1.3288687,103.8500447
132 CHOA CHU KANG AVE 1,1.3811045,103.750866
204 TOA PAYOH NTH,1.3414833,103.8490256
831 WOODLANDS ST 83,1.4395467,103.7913346
469 TAMPINES ST 44,1.3603414,103.9546897
669 JLN DAMAI,1.3331624,103.908463
951 HOUGANG AVE 9,1.3757344,103.8781974
3 TOH YI DR,1.3387591,103.7752181
621 BEDOK RESERVOIR RD,1.3345774,103.9168914
444 CHOA CHU KANG AVE 4,1.3816244,103.7372887
42 SIMS DR,1.3170376,103.876158
22 QUEEN'S CL,1.293686,103.7995747
485C CHOA CHU KANG AVE 5,1.3747237,103.7389179
617 ANG MO KIO AVE 4,1.3777984,103.8379821
273B PUNGGOL PL,1.4020135,103.9017915
414B FERNVALE LINK,1.3900314,103.8796254
276 TOH GUAN RD,1.341042,103.7474263
166B TECK WHYE CRES,1.383088,103.7534857
616 SENJA RD,1.3849848,103.7610725
453C FERNVALE RD,1.3933832,103.8748604
640 JURONG WEST ST 61,1.3400901,103.6964756
4 LOR LEW LIAN,1.3501817,103.876478
929 TAMPINES ST 91,1.3463015,103.9396416
221 TAMPINES ST 24,1.3551574,103.9523327
639 CHOA CHU KANG ST 64,1.3977969,103.7491009
193 BISHAN ST 13,1.34873,103.850908
306 CHOA CHU KANG AVE 4,1.3849645,103.74281
418 CANBERRA RD,1.4524586,103.8193393
355 CLEMENTI AVE 2,1.3144494,103.7695597
429 PASIR RIS DR 6,1.3700862,103.9567068
143 RIVERVALE DR,1.3902251,103.9056536
673B EDGEFIELD PLAINS,1.4069768,103.9110911
217 SERANGOON AVE 4,1.3576,103.8720392
330 WOODLANDS AVE 1,1.4297892,103.778646
217C COMPASSVALE DR,1.3898642,103.8939091
306 ANG MO KIO AVE 1,1.3656612,103.8458882
608 CLEMENTI WEST ST 1,1.304331,103.7665269
162 BEDOK STH RD,1.3196312,103.9460777
174 LOR 1 TOA PAYOH,1.3306876,103.8418707
206A COMPASSVALE LANE,1.3867067,103.8966437
58 DAKOTA CRES,1.3073722,103.8895235
689A CHOA CHU KANG DR,1.4030545,103.7503888
443B FERNVALE RD,1.391186,103.8739122
117 BISHAN ST 12,1.3469737,103.8499953
419 HOUGANG AVE 8,1.3761483,103.8948694
662 BUFFALO RD,1.3067472,103.8499719
478 JURONG WEST ST 41,1.3473363,103.723987
343 ANG MO KIO AVE 3,1.3683609,103.8491162
55 TELOK BLANGAH DR,1.2739474,103.8120715
830 HOUGANG CTRL,1.3706272,103.8908434
980A BUANGKOK CRES,1.3796031,103.8805501
420 HOUGANG AVE 10,1.3751608,103.89534
808C CHAI CHEE RD,1.3278817,103.9240291
535 BT BATOK ST 52,1.3550168,103.7503229
447 BT PANJANG RING RD,1.3833275,103.7716873
28 HOY FATT RD,1.2864086,103.8098066
307C ANCHORVALE RD,1.3899886,103.8870544
103B EDGEFIELD PLAINS,1.3978525,103.9047474
104 WOODLANDS ST 13,1.4364506,103.7815558
27A C'WEALTH AVE,1.352083,103.819836
45 CHAI CHEE ST,1.3286803,103.924414
503 WOODLANDS DR 14,1.4325723,103.7916062
201 ANG MO KIO AVE 3,1.3688265,103.8445869
6 LOR LEW LIAN,1.3494712,103.8772798
709 PASIR RIS DR 10,1.3817485,103.9385539
552 JURONG WEST ST 42,1.3527865,103.7178302
370 WOODLANDS AVE 1,1.4328735,103.7873732
415 PASIR RIS DR 6,1.3718465,103.9562535
448A SENGKANG WEST WAY,1.3931595,103.8731109
341 JURONG EAST AVE 1,1.3491988,103.7313183
1 HAIG RD,1.3112025,103.8976789
5 TECK WHYE AVE,1.3820669,103.7535062
296B COMPASSVALE CRES,1.3976252,103.8993073
891B WOODLANDS DR 50,1.4377178,103.7903386
257 JURONG EAST ST 24,1.3445383,103.7389439
683 TESSENSOHN RD,1.3148014,103.8559179
489C TAMPINES ST 45,1.3617212,103.9565935
575 ANG MO KIO AVE 10,1.3714234,103.8558242
174 ANG MO KIO AVE 4,1.3752431,103.8374311
405 SIN MING AVE,1.3631246,103.8347024
530 WOODLANDS DR 14,1.4313892,103.793055
226 JURONG EAST ST 21,1.3414297,103.735885
228B COMPASSVALE WALK,1.3879159,103.9011963
406 SIN MING AVE,1.3630275,103.8340797
111 TAMPINES ST 11,1.3469153,103.9473468
91 LOR 3 TOA PAYOH,1.3382729,103.8484816
537 WOODLANDS DR 16,1.4299237,103.7926928
269 TAMPINES ST 21,1.3504965,103.9482533
614 BEDOK RESERVOIR RD,1.3324563,103.9167101
393 TAMPINES AVE 7,1.3552794,103.9565028
358 CLEMENTI AVE 2,1.3135852,103.769072
952 JURONG WEST ST 91,1.3426797,103.6915885
105 HENDERSON CRES,1.2901396,103.8225544
280 YISHUN ST 22,1.4386044,103.8369782
185A RIVERVALE CRES,1.3932121,103.9072247
14 UPP BOON KENG RD,1.3155539,103.8706248
534 WOODLANDS DR 14,1.4306636,103.7916968
360A ADMIRALTY DR,1.4492497,103.8158978
660A JURONG WEST ST 64,1.3357085,103.7045051
255 BISHAN ST 22,1.361659,103.8427753
312A SUMANG LINK,1.4108133,103.9004565
286 CHOA CHU KANG AVE 3,1.3796204,103.7414522
552 ANG MO KIO AVE 10,1.3723448,103.8567256
652A JURONG WEST ST 61,1.3366404,103.6984653
185 BT BATOK WEST AVE 6,1.347051,103.7449625
886 TAMPINES ST 83,1.3510301,103.9321182
82 WHAMPOA DR,1.3239466,103.8565444
234 SIMEI ST 4,1.343429,103.9553243
230 PENDING RD,1.3762144,103.7721399
734 YISHUN AVE 5,1.4293732,103.8308601
787C WOODLANDS CRES,1.4448456,103.8010235
171 BOON LAY DR,1.3466731,103.7074913
135 RIVERVALE ST,1.3883236,103.9050192
148 BT BATOK WEST AVE 6,1.3492735,103.7438088
238 BT BATOK EAST AVE 5,1.349863,103.7547584
129 PENDING RD,1.3757114,103.7704198
115 TECK WHYE LANE,1.3789764,103.7512281
207 ANG MO KIO AVE 1,1.3658637,103.8429084
116 BISHAN ST 12,1.347777,103.8493055
45 LOR 5 TOA PAYOH,1.3358915,103.8539173
672A KLANG LANE,1.3085134,103.8524905
519C TAMPINES CTRL 8,1.3562179,103.9400496
69 MOULMEIN RD,1.3189514,103.8505431
334 BT BATOK ST 32,1.36463,103.7478789
657 HOUGANG AVE 8,1.3738809,103.8819123
109 LENGKONG TIGA,1.3246615,103.9107286
531 BEDOK NTH ST 3,1.3333543,103.9259548
161 BT MERAH CTRL,1.2841611,103.8160563
483 SEGAR RD,1.3888055,103.772072
889 TAMPINES ST 81,1.3499373,103.9312118
738 JURONG WEST ST 75,1.3463718,103.7005489
37 LOR 5 TOA PAYOH,1.3346448,103.8557916
316 TAMPINES ST 33,1.3518315,103.957772
336 TAH CHING RD,1.3385974,103.7234186
54 CASSIA CRES,1.310106,103.8846305
635 VEERASAMY RD,1.306701,103.8552195
60 C'WEALTH DR,1.296245,103.799522
321 SEMBAWANG CL,1.445965,103.8187959
1 TOH YI DR,1.3395672,103.7747655
122B EDGEDALE PLAINS,1.3942719,103.9095428
738 PASIR RIS DR 10,1.379196,103.9366504
316A YISHUN AVE 9,1.4332856,103.8426847
449 TAMPINES ST 42,1.3570683,103.9510635
315 CLEMENTI AVE 4,1.3184252,103.7653953
311 TAMPINES ST 33,1.3534429,103.9575907
20 JOO SENG RD,1.3342294,103.8814817
116 YISHUN RING RD,1.4350627,103.8281924
412A FERNVALE LINK,1.3890849,103.8780683
505B YISHUN ST 51,1.4192544,103.8448706
90 C'WEALTH DR,1.296245,103.799522
352 TAMPINES ST 33,1.3542017,103.962373
218 CHOA CHU KANG CTRL,1.3828623,103.7457727
591A MONTREAL LINK,1.4510225,103.826299
49 TELOK BLANGAH DR,1.2722469,103.810928
112 PASIR RIS ST 11,1.367717,103.955746
231 TAMPINES ST 21,1.3559635,103.9490918
508A YISHUN AVE 4,1.4149115,103.839537
624A WOODLANDS DR 52,1.4341745,103.7996596
72 CIRCUIT RD,1.3244995,103.8878927
661C JURONG WEST ST 64,1.3363283,103.7050481
477C UPP SERANGOON VIEW,1.3793173,103.9040224
306C ANCHORVALE LINK,1.3902016,103.8879115
35 TANGLIN HALT RD,1.2971308,103.7983069
505 ANG MO KIO AVE 8,1.3748738,103.8501691
522B TAMPINES CTRL 7,1.357844,103.9389731
221 ANG MO KIO AVE 1,1.3664403,103.8392427
350 CORPORATION DR,1.3387091,103.7191305
556 ANG MO KIO AVE 10,1.3720459,103.8577221
473 PASIR RIS DR 6,1.3745315,103.9573188
701 BEDOK RESERVOIR RD,1.3376405,103.918704
669A EDGEFIELD PLAINS,1.4049609,103.913878
610 YISHUN ST 61,1.4205582,103.8364347
518 WOODLANDS DR 14,1.433616,103.7916165
408 BT BATOK WEST AVE 4,1.3648173,103.7449977
272 BISHAN ST 24,1.3565463,103.842855
550 ANG MO KIO AVE 10,1.3735818,103.8581751
220 CHOA CHU KANG CTRL,1.3819978,103.7454575
137 LOR AH SOO,1.3493178,103.8868052
895B WOODLANDS DR 50,1.4355798,103.7918779
122D RIVERVALE DR,1.3872928,103.9058348
150 PASIR RIS ST 13,1.3629848,103.9630782
22 TELOK BLANGAH CRES,1.2766159,103.819864
383 BT BATOK WEST AVE 5,1.3622966,103.7521786
322 SERANGOON AVE 3,1.3518242,103.8685546
62 TEBAN GDNS RD,1.3215966,103.7389209
128 MARSILING RISE,1.4374204,103.7790207
204 BOON LAY DR,1.3443655,103.7150948
350 YISHUN AVE 11,1.4255553,103.8440208
406 WOODLANDS ST 41,1.4297892,103.7730004
341A SEMBAWANG CL,1.4474862,103.818687
321 CLEMENTI AVE 5,1.3164802,103.7663458
807B CHOA CHU KANG AVE 1,1.3759947,103.7453154
928 HOUGANG ST 91,1.3767215,103.8816178
201 YISHUN ST 21,1.4307236,103.8378892
175 BISHAN ST 13,1.3488546,103.853916
200 TOA PAYOH NTH,1.3413981,103.8511091
507A WELLINGTON CIRCLE,1.4526688,103.8238903
4 TG PAGAR PLAZA,1.276057,103.8423628
318 WOODLANDS ST 31,1.4318532,103.7772098
20 LOR 7 TOA PAYOH,1.3349217,103.857088
122 BEDOK RESERVOIR RD,1.3320522,103.910638
97 GEYLANG BAHRU,1.32373,103.8701765
616 BEDOK RESERVOIR RD,1.3318081,103.9148975
441B CLEMENTI AVE 3,1.314864,103.764058
341 UBI AVE 1,1.3268711,103.9018021
443 YISHUN AVE 11,1.4236988,103.8451143
659D JURONG WEST ST 65,1.3365071,103.7025824
159 TAMPINES ST 12,1.3510222,103.945987
222 TAMPINES ST 24,1.3555213,103.9526953
97 LOR 3 TOA PAYOH,1.3384518,103.8479072
309 WOODLANDS AVE 1,1.4297321,103.776033
709 CLEMENTI WEST ST 2,1.3053075,103.7620004
302 BT BATOK ST 31,1.3570793,103.748422
632B PUNGGOL DR,1.40083,103.913163
232 TAMPINES ST 21,1.3564233,103.9487065
29 NEW UPP CHANGI RD,1.3240053,103.9363732
6B BOON TIONG RD,1.2866383,103.8309096
131 JLN BT MERAH,1.2801209,103.8283161
554 JURONG WEST ST 42,1.3532631,103.717785
236 BT PANJANG RING RD,1.3790364,103.7711968
242 HOUGANG ST 22,1.3572681,103.8920607
864 YISHUN AVE 4,1.4165784,103.8395144
220 ANG MO KIO AVE 1,1.3656276,103.8404202
113 ANG MO KIO AVE 4,1.3718078,103.8359818
416 HOUGANG AVE 10,1.3755687,103.8960066
205 MARSILING DR,1.4449435,103.7733169
26A JLN MEMBINA,1.2830701,103.8260692
28 NEW UPP CHANGI RD,1.32374,103.9349004
210B PUNGGOL PL,1.4002496,103.9000423
650 SENJA LINK,1.3870322,103.763383
348 UBI AVE 1,1.3261477,103.9003522
511 WEST COAST DR,1.3103659,103.760371
771 WOODLANDS DR 60,1.4466877,103.7981579
41 TEBAN GDNS RD,1.3216011,103.7409092
207D PUNGGOL PL,1.4009667,103.9006996
431 CHOA CHU KANG AVE 4,1.3839461,103.7414522
731 CLEMENTI WEST ST 2,1.3043517,103.7628152
648 PUNGGOL CTRL,1.397643,103.9151694
321 WOODLANDS ST 32,1.4318397,103.7791057
19 QUEEN'S CL,1.2925122,103.8002085
146 JLN BT MERAH,1.2778438,103.830878
248 ANG MO KIO AVE 2,1.3682233,103.8326989
183B RIVERVALE CRES,1.391138,103.9083519
60 CIRCUIT RD,1.3256043,103.886624
35 MARINE CRES,1.3033654,103.9127224
253 BANGKIT RD,1.3800833,103.774856
612 SENJA RD,1.3839756,103.7612762
159 ANG MO KIO AVE 4,1.374789,103.8398767
446 JURONG WEST ST 42,1.3521905,103.7195497
758 WOODLANDS AVE 6,1.4460555,103.7953187
73 GEYLANG BAHRU,1.3226408,103.8706094
104A DEPOT RD,1.2804498,103.8124403
62 MARINE DR,1.3026681,103.909057
296C CHOA CHU KANG AVE 2,1.3766099,103.7422669
318 SERANGOON AVE 2,1.3528004,103.867144
34 TELOK BLANGAH WAY,1.2735811,103.8224539
676D PUNGGOL DR,1.4056904,103.9109175
26 TOA PAYOH EAST,1.3329469,103.8568162
468 NTH BRIDGE RD,1.3053977,103.8632243
20 JLN MEMBINA,1.2857166,103.8257516
442 CHOA CHU KANG AVE 4,1.380963,103.7375602
142 BEDOK RESERVOIR RD,1.3357141,103.9132888
524C PASIR RIS ST 51,1.370576,103.947341
268 BISHAN ST 24,1.3577038,103.8425941
550 HOUGANG ST 51,1.378175,103.890715
174D EDGEDALE PLAINS,1.397419,103.909777
264A PUNGGOL WAY,1.4059531,103.8985851
307B ANG MO KIO AVE 1,1.365781,103.844731
497B TAMPINES ST 45,1.3586014,103.9579987
83 C'WEALTH CL,1.352083,103.819836
249 BANGKIT RD,1.3810382,103.7738886
710 CLEMENTI WEST ST 2,1.3061881,103.7615478
241 BT PANJANG RING RD,1.3797527,103.7718641
425 HOUGANG AVE 6,1.3745469,103.8930891
256 TAMPINES ST 21,1.3533407,103.9500663
921 TAMPINES ST 91,1.3481245,103.94082
254 TAMPINES ST 21,1.3530526,103.9492505
336 BT BATOK ST 32,1.36492,103.748422
173 HOUGANG AVE 1,1.3502585,103.888708
16 HOUGANG AVE 3,1.3629116,103.8910876
511 WOODLANDS DR 14,1.4333604,103.788754
193 BT BATOK WEST AVE 6,1.3460736,103.7444662
499B TAMPINES AVE 9,1.3588676,103.9563215
340 CLEMENTI AVE 5,1.318802,103.7699671
449 BT PANJANG RING RD,1.3840759,103.772797
462 TAMPINES ST 44,1.3590941,103.955143
121 BT BATOK CTRL,1.3516009,103.7478959
333 SERANGOON AVE 3,1.350511,103.8704964
510 WOODLANDS DR 14,1.4326276,103.7885729
124 MARSILING RISE,1.4388863,103.7793829
104 SPOTTISWOODE PK RD,1.2744804,103.8348949
960 HOUGANG AVE 9,1.3770874,103.8786051
91 TANGLIN HALT RD,1.3007439,103.7994253
106 GANGSA RD,1.3779831,103.7674096
347 WOODLANDS AVE 3,1.4332206,103.7816464
308 HOUGANG AVE 5,1.3667945,103.8958729
450 CHOA CHU KANG AVE 4,1.3797257,103.7360215
70 REDHILL CL,1.2869521,103.8170676
890A WOODLANDS DR 50,1.4382889,103.7929645
339 TAMPINES ST 33,1.3510921,103.9590413
302B ANCHORVALE LINK,1.388059,103.8905334
255 PASIR RIS ST 21,1.3685588,103.9642089
858 WOODLANDS ST 83,1.4403352,103.7944132
873 WOODLANDS ST 81,1.4431941,103.7891162
178D RIVERVALE CRES,1.3890042,103.9106606
604 JURONG WEST ST 62,1.3386057,103.6996409
214 PASIR RIS ST 21,1.3677999,103.9612233
601 JURONG WEST ST 62,1.3397004,103.7001843
117 CLEMENTI ST 13,1.3245029,103.7715062
423 PASIR RIS DR 6,1.3701235,103.9547835
153A LOR 1 TOA PAYOH,1.333727,103.8452437
167A PUNGGOL EAST,1.3950132,103.9143569
100 BEDOK NTH AVE 4,1.334268,103.9387805
306 CLEMENTI AVE 4,1.3214601,103.7658932
32 CHAI CHEE AVE,1.3237706,103.9249492
279B SENGKANG EAST AVE,1.3854253,103.8928612
127 YISHUN ST 11,1.4337996,103.8307285
708 PASIR RIS DR 10,1.381379,103.9390978
405 ANG MO KIO AVE 10,1.3617045,103.8536003
841 YISHUN ST 81,1.416011,103.834256
620 BT BATOK CTRL,1.3496924,103.7484305
648C JURONG WEST ST 61,1.3391099,103.6979599
421 CHOA CHU KANG AVE 4,1.3817508,103.7407281
201 MARSILING DR,1.4427097,103.7754218
107B EDGEFIELD PLAINS,1.3968256,103.9072153
682B WOODLANDS DR 62,1.4405712,103.8037402
325 SERANGOON AVE 3,1.3509425,103.8686966
411 BT BATOK WEST AVE 4,1.3641265,103.7462496
926 TAMPINES ST 91,1.3458565,103.9406388
612B PUNGGOL DR,1.404928,103.9081472
133 MARSILING RISE,1.4376468,103.7780248
113B MCNAIR RD,1.3214024,103.8606665
123 LOR 1 TOA PAYOH,1.3386519,103.8456788
7A C'WEALTH AVE,1.352083,103.819836
289 BISHAN ST 24,1.356615,103.8449032
30 BENDEMEER RD,1.3191992,103.8639383
681 HOUGANG AVE 8,1.3729783,103.8856916
688A CHOA CHU KANG DR,1.4038586,103.7506084
122B SENGKANG EAST WAY,1.3873254,103.9065145
675A JURONG WEST ST 64,1.3454393,103.7034895
527 WOODLANDS DR 14,1.4323429,103.7922632
669B JURONG WEST ST 64,1.3429087,103.7028085
329 UBI AVE 1,1.3270187,103.90477
124B RIVERVALE DR,1.3884094,103.9029349
707 BEDOK NTH RD,1.3354419,103.9192478
498F TAMPINES ST 45,1.3618195,103.9585426
103 JURONG EAST ST 13,1.3367082,103.738013
527 HOUGANG AVE 6,1.3747697,103.8906249
680 HOUGANG AVE 8,1.372029,103.8853554
794 YISHUN RING RD,1.4199973,103.8321776
495A TAMPINES ST 43,1.3626336,103.9508822
531 JURONG WEST ST 52,1.3489912,103.7151155
312 JURONG EAST ST 32,1.3469354,103.7320407
618 BEDOK RESERVOIR RD,1.3330764,103.9170273
177 TOA PAYOH CTRL,1.3338996,103.8498394
157 TAMPINES ST 12,1.3511017,103.9448992
318 CLEMENTI AVE 4,1.317986,103.7653953
163 BEDOK STH RD,1.3197012,103.9466216
10 TECK WHYE AVE,1.3802531,103.7554149
121 TECK WHYE LANE,1.3783042,103.7501102
516 WOODLANDS DR 14,1.4347046,103.7909724
180 BEDOK NTH RD,1.3267569,103.94082
331 BT BATOK ST 33,1.3636062,103.7475168
268A BOON LAY DR,1.3480014,103.7076588
413 BEDOK NTH AVE 2,1.3332326,103.9339162
484 CHOA CHU KANG AVE 5,1.3765701,103.7366449
128 LOR 1 TOA PAYOH,1.3379959,103.8444058
211 PASIR RIS ST 21,1.3672409,103.9611038
677C JURONG WEST ST 64,1.3452615,103.7047473
41 BEDOK STH RD,1.3210837,103.9407355
637 YISHUN ST 61,1.420083,103.8391747
441 ANG MO KIO AVE 10,1.366061,103.8540983
386 TAMPINES ST 32,1.3548071,103.9590186
2D UPP BOON KENG RD,1.3132838,103.8724441
278 YISHUN ST 22,1.4382313,103.8379745
136 BEDOK RESERVOIR RD,1.3335538,103.9135607
268 YISHUN ST 22,1.4368997,103.8396956
302 HOUGANG AVE 5,1.3685487,103.894461
513 JURONG WEST ST 52,1.3475057,103.7200051
514 PASIR RIS ST 52,1.3746349,103.9429936
183D RIVERVALE CRES,1.391512,103.908772
152 LOR 2 TOA PAYOH,1.3341078,103.8458551
623A PUNGGOL CTRL,1.399477,103.9117121
192C RIVERVALE DR,1.3947568,103.9029163
207 TAMPINES ST 21,1.3513521,103.9521514
183 BEDOK NTH RD,1.3263854,103.9418172
297C CHOA CHU KANG AVE 2,1.3777775,103.743172
125 GEYLANG EAST AVE 1,1.3178463,103.8864491
897A WOODLANDS DR 50,1.4365587,103.7938247
269 YISHUN ST 22,1.437116,103.8403296
420 FAJAR RD,1.3845856,103.7696955
932 JURONG WEST ST 92,1.3418186,103.6884217
519 WEST COAST RD,1.3076633,103.7594657
393 BT BATOK WEST AVE 5,1.3649684,103.7513744
235 TAMPINES ST 21,1.3555474,103.9482533
199 PASIR RIS ST 12,1.3672498,103.9596079
853 YISHUN RING RD,1.416467,103.8367449
839 JURONG WEST ST 81,1.3434941,103.692653
316C YISHUN AVE 9,1.4329137,103.8435
344 UBI AVE 1,1.325829,103.900429
314 YISHUN RING RD,1.431724,103.8417194
213 PETIR RD,1.3742703,103.7755576
311 JURONG EAST ST 32,1.3477259,103.7326756
630 SENJA RD,1.3867338,103.7597825
874A TAMPINES ST 84,1.3530793,103.9322089
227B COMPASSVALE DR,1.3872992,103.9006023
144 SERANGOON NTH AVE 1,1.3677728,103.8729417
406 SEMBAWANG DR,1.4529679,103.8171431
410B FERNVALE RD,1.3896595,103.8761547
435 TAMPINES ST 43,1.3597586,103.9510862
705 BEDOK NTH RD,1.3365557,103.919633
820 TAMPINES ST 81,1.3479324,103.9361065
352C CANBERRA RD,1.4497756,103.8198827
435B FERNVALE RD,1.393283,103.876665
460 SEGAR RD,1.3871764,103.7721729
329A ANCHORVALE ST,1.3960188,103.8897727
587 WOODLANDS DR 16,1.4286225,103.7954546
203 SERANGOON CTRL,1.3520718,103.8730119
699A HOUGANG ST 52,1.3769892,103.8889799
685B CHOA CHU KANG CRES,1.4035721,103.748162
154 SIMEI ST 1,1.3448831,103.9569561
109 BEDOK NTH RD,1.3321249,103.9352913
303 ANG MO KIO AVE 1,1.3666146,103.8452583
718 YISHUN ST 71,1.42677,103.8283736
117 BT MERAH CTRL,1.2837258,103.8154224
223 YISHUN ST 21,1.43446,103.83573
605 SENJA RD,1.38082,103.7618194
250 JURONG EAST ST 24,1.3426414,103.7399362
426 BT BATOK WEST AVE 2,1.3620852,103.7444392
110 ALJUNIED CRES,1.3199444,103.8844051
236 COMPASSVALE WALK,1.3904823,103.8994815
275 TAMPINES ST 22,1.3478488,103.9504289
149 SILAT AVE,1.277375,103.8318022
232 ANG MO KIO AVE 3,1.3682103,103.8372499
238 COMPASSVALE WALK,1.3907061,103.8987664
489 JURONG WEST AVE 1,1.3492156,103.7272423
206C COMPASSVALE LANE,1.3869085,103.8975214
730 TAMPINES ST 71,1.3567318,103.9335685
27 TOA PAYOH EAST,1.3323619,103.8567256
603 SENJA RD,1.3815515,103.762091
513 PASIR RIS ST 52,1.3747991,103.9431316
106 SIMEI ST 1,1.3418998,103.9508595
26 BENDEMEER RD,1.3184663,103.8630447
643 JURONG WEST ST 61,1.3390658,103.6958411
240 SERANGOON AVE 2,1.3532869,103.8694778
11 PINE CL,1.3082125,103.8826354
410 BEDOK NTH AVE 2,1.3332176,103.9339192
276A JURONG WEST ST 25,1.3532353,103.7035324
853 JURONG WEST ST 81,1.3468722,103.6928436
219C BEDOK CTRL,1.3249153,103.9333079
444 TAMPINES ST 42,1.3583112,103.9513355
202 ANG MO KIO AVE 3,1.3684602,103.8445869
754 YISHUN ST 72,1.4269341,103.8337077
260A SENGKANG EAST WAY,1.3931987,103.8955721
249 HOUGANG AVE 3,1.3596597,103.8917267
434 ANG MO KIO AVE 10,1.3679694,103.8532832
332 YISHUN RING RD,1.4305658,103.8435
833 WOODLANDS ST 83,1.4399364,103.7906329
262 YISHUN ST 22,1.4358018,103.8392427
508 WOODLANDS DR 14,1.4321966,103.790572
484D CHOA CHU KANG AVE 5,1.375172,103.7374697
103 BT BATOK CTRL,1.3482234,103.748063
433 BT PANJANG RING RD,1.3857378,103.7711621
434 CLEMENTI AVE 3,1.3146042,103.7615478
486 PASIR RIS DR 4,1.3743783,103.9608999
225C COMPASSVALE WALK,1.38862,103.898916
120 ANG MO KIO AVE 3,1.370072,103.8445869
245 TAMPINES ST 21,1.3534341,103.9466216
114 LOR 1 TOA PAYOH,1.3409248,103.8443152
340 TAMPINES ST 33,1.3510873,103.9598572
713 JURONG WEST ST 71,1.3436305,103.6961359
52 STRATHMORE AVE,1.2933452,103.808268
218 JURONG EAST ST 21,1.340364,103.7379225
423 CLEMENTI AVE 1,1.309435,103.769786
323 ANG MO KIO AVE 3,1.3679306,103.8476677
305 ANG MO KIO AVE 1,1.3661074,103.8460363
22 HAVELOCK RD,1.288844,103.8287358
234 BT PANJANG RING RD,1.3785164,103.7718779
579 PASIR RIS ST 53,1.374445,103.9472561
527 BT BATOK ST 51,1.3570797,103.7515223
393 YISHUN AVE 6,1.4285536,103.8485727
31 TANGLIN HALT RD,1.2994144,103.7991528
114 PENDING RD,1.3779323,103.7698087
281 TOH GUAN RD,1.3399487,103.7464306
140 BISHAN ST 12,1.3448286,103.8529208
220 HOUGANG ST 21,1.3569834,103.884404
263 SERANGOON CTRL DR,1.3538779,103.8724869
707 JURONG WEST ST 71,1.3417588,103.694013
609 ANG MO KIO AVE 4,1.3792724,103.8376122
142 POTONG PASIR AVE 3,1.3333312,103.8671429
13 GHIM MOH RD,1.3097655,103.7891615
203 PASIR RIS ST 21,1.3670346,103.9619424
241 YISHUN RING RD,1.4321146,103.83922
538 ANG MO KIO AVE 5,1.3756617,103.8533738
197 PASIR RIS ST 12,1.3663825,103.9607638
687B CHOA CHU KANG DR,1.4044067,103.7507529
515 JURONG WEST ST 52,1.34633,103.7206383
109 PASIR RIS ST 11,1.3683881,103.9559589
239 BT BATOK EAST AVE 5,1.3503071,103.7551238
714 BEDOK RESERVOIR RD,1.3370772,103.9233452
589A MONTREAL DR,1.4497384,103.8258602
518C TAMPINES CTRL 7,1.356367,103.938986
220 PASIR RIS ST 21,1.3701849,103.9616704
501 SERANGOON NTH AVE 4,1.3702886,103.8716082
13 MARINE TER,1.3040803,103.9156225
867A TAMPINES ST 83,1.3556505,103.9338178
547 PASIR RIS ST 51,1.3690072,103.9534432
624 HOUGANG AVE 8,1.3702234,103.8822774
726 JURONG WEST AVE 5,1.3459519,103.6971104
520 SERANGOON NTH AVE 4,1.3720238,103.8738484
333B ANCHORVALE LINK,1.3946011,103.8911913
163 ANG MO KIO AVE 4,1.3735836,103.8376021
247 JURONG EAST ST 24,1.3418856,103.7392328
550 WOODLANDS DR 44,1.4326997,103.7947754
96 C'WEALTH CRES,1.352083,103.819836
233 SERANGOON AVE 3,1.3551868,103.8691581
730 YISHUN ST 71,1.4271747,103.8315206
445 ANG MO KIO AVE 10,1.3670042,103.8556387
271 BISHAN ST 24,1.3556867,103.8438832
135 SIMEI ST 1,1.348011,103.9571148
162 YUNG PING RD,1.3296884,103.7220837
736 PASIR RIS DR 10,1.3795753,103.9375341
17 HOUGANG AVE 3,1.3634513,103.8910587
625B WOODLANDS DR 52,1.433428,103.800003
671 WOODLANDS DR 71,1.4391334,103.7988502
7 PINE CL,1.3078482,103.8825408
317 TAMPINES ST 33,1.3517641,103.9567748
301C PUNGGOL CTRL,1.4044748,103.9056418
176 LOMPANG RD,1.3793298,103.7658932
682D WOODLANDS DR 73,1.4408819,103.8048273
257 BOON LAY DR,1.3459434,103.7082177
762 WOODLANDS AVE 6,1.4460504,103.7961337
286 TAMPINES ST 22,1.3495174,103.9529673
471 SEGAR RD,1.3883059,103.7728642
117 TECK WHYE LANE,1.3796362,103.7512281
132 BT BATOK WEST AVE 6,1.3505632,103.745642
77 BEDOK NTH RD,1.3287254,103.9419985
271C PUNGGOL WALK,1.4038852,103.9011223
123 MCNAIR RD,1.3179859,103.8565831
106 BT BATOK CTRL,1.3481875,103.7469673
553 HOUGANG ST 51,1.3791943,103.8903292
544 WOODLANDS DR 16,1.4288941,103.793055
990A JURONG WEST ST 93,1.3351985,103.6950138
707 TAMPINES ST 71,1.3576644,103.9368316
52 LOR 6 TOA PAYOH,1.338258,103.8524918
140 BEDOK NTH ST 2,1.3336817,103.9319636
13 TELOK BLANGAH CRES,1.2781414,103.820494
199 BOON LAY DR,1.3436301,103.7143687
252 BANGKIT RD,1.3799737,103.7738707
630 YISHUN ST 61,1.4178936,103.8377021
16 HOLLAND DR,1.3118929,103.7928873
420 BT BATOK WEST AVE 2,1.3625169,103.745797
537 HOUGANG ST 52,1.377794,103.8896942
757 PASIR RIS ST 71,1.3772922,103.9334552
508 ANG MO KIO AVE 8,1.3737824,103.8490256
539 WOODLANDS DR 16,1.4291186,103.7923306
443 SIN MING AVE,1.3587003,103.8327266
445 CHOA CHU KANG AVE 4,1.382244,103.7371513
36 TEBAN GDNS RD,1.3199803,103.7427194
357 HOUGANG AVE 7,1.3729709,103.8994913
16 CANTONMENT CL,1.2739211,103.8402617
155 YISHUN ST 11,1.4319433,103.8342609
55 STIRLING RD,1.2965311,103.8042156
403A FERNVALE LANE,1.3887726,103.8729812
39 CIRCUIT RD,1.327457,103.885718
937 HOUGANG ST 92,1.3747697,103.8793727
261B SENGKANG EAST WAY,1.3937387,103.8941449
418 CLEMENTI AVE 1,1.3102017,103.7701029
421 JURONG WEST ST 42,1.3502664,103.727223
72 GEYLANG BAHRU,1.3219548,103.8709737
150 SIMEI ST 1,1.3461994,103.9571374
306C PUNGGOL PL,1.4064212,103.9060163
197B BOON LAY DR,1.3439279,103.7136055
866 JURONG WEST ST 81,1.3499919,103.6953015
103 POTONG PASIR AVE 1,1.3341247,103.869496
105 BEDOK RESERVOIR RD,1.3291336,103.909188
294 PUNGGOL CTRL,1.4027126,103.9046429
965 HOUGANG AVE 9,1.3787129,103.8778535
215 SERANGOON AVE 4,1.3580289,103.8733041
882 TAMPINES ST 84,1.3519738,103.9334779
296B CHOA CHU KANG AVE 2,1.3768341,103.7415428
26 TECK WHYE LANE,1.3775273,103.7556751
419 SERANGOON CTRL,1.3492385,103.8758166
293 CHOA CHU KANG AVE 3,1.3787557,103.7393783
485A CHOA CHU KANG AVE 5,1.3746541,103.7382843
639 YISHUN ST 61,1.4206009,103.8384501
283 YISHUN AVE 6,1.4393994,103.8389709
150 JLN TECK WHYE,1.3780691,103.7564286
105 ANG MO KIO AVE 4,1.3723414,103.8376468
803 WOODLANDS ST 81,1.4404424,103.7868973
668 JLN DAMAI,1.333454,103.9086442
638 BEDOK RESERVOIR RD,1.331577,103.9042036
870 TAMPINES ST 83,1.3543164,103.9334779
435 ANG MO KIO AVE 10,1.3677429,103.8541886
112A DEPOT RD,1.281639,103.80804
491 ADMIRALTY LINK,1.4561222,103.8175959
229 ANG MO KIO AVE 3,1.3690836,103.8382463
223A COMPASSVALE WALK,1.3882399,103.8971721
737 PASIR RIS DR 10,1.3796521,103.936945
470 SEMBAWANG DR,1.4516582,103.8152412
364 CLEMENTI AVE 2,1.3123679,103.7687902
225 LOR 8 TOA PAYOH,1.339503,103.8558533
470 TAMPINES ST 44,1.3608544,103.9545991
572 PASIR RIS ST 53,1.3735902,103.94559
122 BEDOK NTH ST 2,1.3336998,103.9319599
214 LOR 8 TOA PAYOH,1.3418438,103.8543531
702 WOODLANDS DR 40,1.4418269,103.7965412
302 YISHUN CTRL,1.4302229,103.839605
610 SENJA RD,1.3834645,103.7609141
659A JURONG WEST ST 65,1.3369477,103.7024016
557 ANG MO KIO AVE 10,1.3716063,103.8577221
110 BEDOK NTH RD,1.3324137,103.9346608
450 SIN MING AVE,1.358416,103.8303888
548 CHOA CHU KANG ST 52,1.3936636,103.7420087
10D BEDOK STH AVE 2,1.3217402,103.9363754
22 HAIG RD,1.3137116,103.8951378
217 BT BATOK ST 21,1.3467942,103.7545801
729 ANG MO KIO AVE 6,1.3738738,103.8459457
404 SERANGOON AVE 1,1.3469092,103.8724007
504 JELAPANG RD,1.3862841,103.7674815
154 MEI LING ST,1.2935996,103.8035009
396 TAMPINES AVE 7,1.3557918,103.9565028
704 YISHUN AVE 5,1.4292613,103.828917
237 HOUGANG ST 21,1.3569949,103.888708
252 COMPASSVALE ST,1.3940443,103.9009324
109 HOUGANG AVE 1,1.3552337,103.8893423
133 YISHUN ST 11,1.4325515,103.830819
324 HOUGANG AVE 5,1.3674896,103.8974071
412 WOODLANDS ST 41,1.428192,103.7728416
276 BANGKIT RD,1.3764124,103.7758519
506 WEST COAST DR,1.3125589,103.7608236
142 JLN BT MERAH,1.2770202,103.8280747
15 MARSILING LANE,1.4419039,103.7781153
125 BEDOK RESERVOIR RD,1.3330077,103.909913
237 SERANGOON AVE 3,1.3534948,103.8689261
152 RIVERVALE CRES,1.391831,103.9062761
408 JURONG WEST ST 42,1.3547597,103.7226103
39A C'WEALTH AVE,1.352083,103.819836
371 CLEMENTI AVE 4,1.3203483,103.7683375
522 SERANGOON NTH AVE 4,1.3725816,103.8734995
8A BOON TIONG RD,1.2866055,103.8302303
229 CHOA CHU KANG CTRL,1.3806908,103.7464306
785 YISHUN AVE 2,1.4213067,103.8339891
614 WOODLANDS AVE 4,1.4344349,103.7964162
448 TAMPINES ST 42,1.3574349,103.9509729
770 CHOA CHU KANG ST 54,1.3948925,103.7503851
792 WOODLANDS AVE 6,1.4426325,103.8014038
54 TELOK BLANGAH DR,1.2735829,103.8118904
25 TEBAN GDNS RD,1.3220281,103.7413629
467 HOUGANG AVE 8,1.3732793,103.8967234
52 KENT RD,1.3163579,103.8513813
917 HOUGANG AVE 9,1.3750397,103.8833631
805 YISHUN RING RD,1.4174349,103.8313625
59 TELOK BLANGAH HTS,1.2754073,103.813614
225 PASIR RIS ST 21,1.3712133,103.9611264
13 CANTONMENT CL,1.2746874,103.8404881
200B SENGKANG EAST RD,1.3871528,103.8925138
109 BT BATOK WEST AVE 6,1.3469891,103.7461618
257 BT BATOK EAST AVE 4,1.35117,103.7579303
673C EDGEFIELD PLAINS,1.4073355,103.910622
439 ANG MO KIO AVE 10,1.3663578,103.8532832
118 MARSILING RISE,1.4385132,103.7803788
317 CLEMENTI AVE 4,1.3180469,103.7644952
724 JURONG WEST ST 72,1.345355,103.6983979
504D YISHUN ST 51,1.4184185,103.8437403
487A TAMPINES AVE 9,1.3597365,103.9579534
326A ANCHORVALE RD,1.39493,103.8880058
668 WOODLANDS RING RD,1.4389894,103.7983975
346 UBI AVE 1,1.3260055,103.8996273
453 JURONG WEST ST 42,1.3513306,103.7172908
970 HOUGANG ST 91,1.3786779,103.880496
441C FERNVALE RD,1.3920019,103.8751848
479 PASIR RIS DR 4,1.3751798,103.9591319
287D JURONG EAST ST 21,1.3379188,103.7440777
662B JURONG WEST ST 64,1.3372099,103.7031172
89 ZION RD,1.2915271,103.833434
506 JELAPANG RD,1.3870152,103.7679752
103 SERANGOON NTH AVE 1,1.3706539,103.8701338
2B UPP BOON KENG RD,1.3136927,103.8716686
634 WOODLANDS RING RD,1.4361555,103.8028764
660D JURONG WEST ST 64,1.3364667,103.7032611
866 TAMPINES ST 83,1.35431,103.9345656
333 WOODLANDS ST 32,1.4297626,103.7800393
287C JURONG EAST ST 21,1.3380387,103.7450137
28 MARINE CRES,1.3033982,103.9134021
118 ANG MO KIO AVE 4,1.3732764,103.8354384
428 CLEMENTI AVE 3,1.3125457,103.7631773
155 PASIR RIS ST 13,1.363217,103.9636649
1 PINE CL,1.3079191,103.8832694
554 SERANGOON NTH AVE 3,1.3646758,103.8722366
468 ANG MO KIO AVE 10,1.3648757,103.8561821
502 ANG MO KIO AVE 5,1.3758291,103.8498409
609 HOUGANG AVE 8,1.3703431,103.8855366
1F CANTONMENT RD,1.2761355,103.841191
406 JURONG WEST ST 42,1.3542421,103.7225879
206 PETIR RD,1.3737112,103.7740412
111 HOUGANG AVE 1,1.3548724,103.8885268
184 YUNG SHENG RD,1.3334227,103.7221742
549 PASIR RIS ST 51,1.3679627,103.9536018
288 CHOA CHU KANG AVE 3,1.3789622,103.7411807
418 TAMPINES ST 41,1.3583149,103.9475961
270 TAMPINES ST 21,1.3499804,103.9488878
834 WOODLANDS ST 83,1.4400628,103.7909724
257C COMPASSVALE RD,1.3928467,103.8962291
278 TOH GUAN RD,1.3408831,103.746408
2 GHIM MOH RD,1.3124126,103.7868979
727 JURONG WEST AVE 5,1.345794,103.6976506
107 RIVERVALE WALK,1.3830761,103.9003069
534 BT BATOK ST 51,1.3559677,103.7505944
278 TAMPINES ST 22,1.3468188,103.9513355
124 LOR 1 TOA PAYOH,1.3386174,103.8445417
234 BISHAN ST 22,1.3584894,103.8460363
621 ANG MO KIO AVE 9,1.3830649,103.8406919
851 WOODLANDS ST 83,1.4404214,103.7923306
60 CHAI CHEE RD,1.3246013,103.9212417
34 LOR 5 TOA PAYOH,1.3347919,103.8541891
335A SMITH ST,1.2823021,103.8428528
302A ANCHORVALE LINK,1.3879235,103.891157
510 JURONG WEST ST 52,1.348454,103.7195625
268C COMPASSVALE LINK,1.3846864,103.8959912
511A YISHUN ST 51,1.4155753,103.841643
703 HOUGANG AVE 2,1.3655591,103.8894329
133 CLARENCE LANE,1.292267,103.8145967
207B PUNGGOL PL,1.4003633,103.9003859
322 CLEMENTI AVE 5,1.3161142,103.7663458
686B CHOA CHU KANG CRES,1.4045482,103.7485578
650B JURONG WEST ST 61,1.3384593,103.6961545
195A PUNGGOL RD,1.4015086,103.9061973
617 BEDOK RESERVOIR RD,1.3331891,103.9165289
109 ALJUNIED CRES,1.3194688,103.8844492
338 SEMBAWANG CRES,1.445804,103.8153031
925 JURONG WEST ST 92,1.3402018,103.6893265
604 WOODLANDS DR 42,1.4371487,103.7963374
819 TAMPINES ST 81,1.3483668,103.9369223
889A TAMPINES ST 81,1.3494239,103.9313931
640 ANG MO KIO AVE 6,1.3800424,103.8436811
207C PUNGGOL PL,1.4003126,103.9003321
650 PASIR RIS DR 10,1.3788403,103.937942
4 ROCHOR RD,1.3018489,103.8547167
484B CHOA CHU KANG AVE 5,1.3762785,103.7362931
181A BOON LAY DR,1.3485191,103.7078751
117 PASIR RIS ST 11,1.3678825,103.9547804
761 WOODLANDS AVE 6,1.4464147,103.7965865
440 HOUGANG AVE 8,1.3791574,103.8935193
211A COMPASSVALE LANE,1.3848009,103.8991875
187 PASIR RIS ST 11,1.3646515,103.9594266
689E WOODLANDS DR 75,1.4439551,103.8084944
506A YISHUN AVE 4,1.4158255,103.8398086
729 CLEMENTI WEST ST 2,1.3050799,103.7634489
475D UPP SERANGOON CRES,1.3751631,103.9003975
10 EUNOS CRES,1.3223009,103.9025671
667 CHOA CHU KANG CRES,1.4025253,103.7495082
936 TAMPINES AVE 5,1.3463625,103.9417265
22 SIN MING RD,1.3573558,103.8394233
50 STRATHMORE AVE,1.2938915,103.8086755
762 BEDOK RESERVOIR VIEW,1.3364516,103.9344749
873 YISHUN ST 81,1.4149063,103.8370688
110 HOUGANG AVE 1,1.3547196,103.8896142
838 TAMPINES ST 82,1.3507914,103.9353813
325 YISHUN CTRL,1.4291795,103.8422318
180A MARSILING RD,1.4392206,103.7780527
453B FERNVALE RD,1.3938878,103.875434
915 JURONG WEST ST 91,1.3411651,103.6877332
58 STIRLING RD,1.2962002,103.8045325
728 CLEMENTI WEST ST 2,1.3054443,103.7637205
315 UBI AVE 1,1.3291695,103.9029349
511 PASIR RIS ST 52,1.3752142,103.9441514
328 HOUGANG AVE 5,1.3687401,103.8965009
425 CANBERRA RD,1.454372,103.8186148
458 TAMPINES ST 42,1.3579841,103.9545172
424 WOODLANDS ST 41,1.4273174,103.774856
1D CANTONMENT RD,1.276945,103.841487
750 JURONG WEST ST 73,1.3480056,103.6992901
752 YISHUN ST 72,1.4272464,103.834442
501D WELLINGTON CIRCLE,1.4510263,103.8223959
407 FAJAR RD,1.3814611,103.7680886
889C WOODLANDS DR 50,1.4378022,103.7925042
160 BT BATOK ST 11,1.3489171,103.7420889
116 EDGEFIELD PLAINS,1.3952391,103.9067541
708 CLEMENTI WEST ST 2,1.3057461,103.762091
553 ANG MO KIO AVE 10,1.3725614,103.8572692
157 YUNG LOH RD,1.3287367,103.7216633
531 HOUGANG AVE 6,1.3757221,103.8902814
417 CLEMENTI AVE 1,1.310344,103.7708272
329 SERANGOON AVE 3,1.3496663,103.8682277
879 YISHUN ST 81,1.4143978,103.8362536
415 YISHUN AVE 11,1.4246239,103.8457337
728 JURONG WEST AVE 5,1.3461681,103.6977438
646 ANG MO KIO AVE 6,1.3794229,103.8438615
422 BEDOK NTH RD,1.3287637,103.9289911
123 MARSILING RISE,1.4391816,103.7791113
464 TAMPINES ST 44,1.3597709,103.955211
636B SENJA RD,1.387528,103.7584905
261A SENGKANG EAST WAY,1.3941773,103.8943261
232 YISHUN ST 21,1.4342328,103.8371355
150 PETIR RD,1.3771254,103.7667985
402 SIN MING AVE,1.3627015,103.8327247
488D CHOA CHU KANG AVE 5,1.3764001,103.7405471
508 SERANGOON NTH AVE 4,1.3702894,103.8719225
162 BT BATOK ST 11,1.3479668,103.7417267
139 LOR AH SOO,1.3522613,103.8842681
265D COMPASSVALE BOW,1.381978,103.896452
340 UBI AVE 1,1.3263978,103.9013943
649 ANG MO KIO AVE 5,1.3778809,103.8432961
836 WOODLANDS ST 83,1.4400583,103.7916968
624 JURONG WEST ST 61,1.3410512,103.6977639
79 BEDOK NTH RD,1.327708,103.94082
838 JURONG WEST ST 81,1.3439218,103.6934001
334 TAMPINES ST 32,1.3525438,103.9611264
304 JURONG EAST ST 32,1.3452967,103.7347567
210 BT BATOK ST 21,1.345503,103.7498727
76 BEDOK NTH RD,1.3283586,103.9421798
660C JURONG WEST ST 64,1.3366464,103.7038493
10 JLN BT HO SWEE,1.2875052,103.8328117
913 JURONG WEST ST 91,1.3419698,103.6876074
222 HOUGANG ST 21,1.356333,103.883712
57 LOR 5 TOA PAYOH,1.3370759,103.8512964
922 JURONG WEST ST 92,1.3391777,103.6890551
134 YISHUN ST 11,1.4324009,103.831453
676A JURONG WEST ST 64,1.3459828,103.7045302
856 JURONG WEST ST 81,1.3471297,103.6966578
749 JURONG WEST ST 73,1.3481066,103.6982419
15 GHIM MOH RD,1.3091078,103.7886239
714 JURONG WEST ST 71,1.3430719,103.6966781
244 COMPASSVALE RD,1.3935991,103.8989798
507 WEST COAST DR,1.3121203,103.7607331
22 GHIM MOH LINK,1.3093463,103.7856302
807 WOODLANDS ST 81,1.4420677,103.78726
10B LOR 7 TOA PAYOH,1.3372224,103.8583157
40 BEDOK STH RD,1.3210603,103.9397313
442 CLEMENTI AVE 3,1.3140024,103.7644447
333A YISHUN ST 31,1.4320033,103.8448548
102 JURONG EAST ST 13,1.3361145,103.7381938
208B COMPASSVALE LANE,1.3841827,103.8990382
8 BOON KENG RD,1.3164572,103.8616186
115 YISHUN RING RD,1.4346163,103.8275123
115 PENDING RD,1.3780645,103.7691523
712 WOODLANDS DR 70,1.4415663,103.7971298
322 HOUGANG AVE 5,1.3670512,103.8972259
6 MARINE TER,1.3036395,103.9159851
53 PIPIT RD,1.3238998,103.8869435
754 CHOA CHU KANG NTH 5,1.3923542,103.7465847
125 KIM TIAN RD,1.2836746,103.8280339
94C BEDOK NTH AVE 4,1.3334775,103.942633
272 PASIR RIS ST 21,1.3650249,103.9643676
292B COMPASSVALE ST,1.3954908,103.8987433
236 CHOA CHU KANG CTRL,1.3799491,103.7478789
535 HOUGANG ST 52,1.3764693,103.8901578
790 CHOA CHU KANG NTH 6,1.3959955,103.7498703
106 HENDERSON CRES,1.2896292,103.8222827
405 WOODLANDS ST 41,1.4299749,103.772321
158 SIMEI RD,1.3442813,103.9597665
184 JELEBU RD,1.3797166,103.7624531
804 CHAI CHEE RD,1.3245967,103.9220574
401 SIN MING AVE,1.3625206,103.8330834
202 BEDOK NTH ST 1,1.3256603,103.9279488
539 JURONG WEST AVE 1,1.3509698,103.7163857
540 BT BATOK ST 52,1.3544254,103.7512283
727 WOODLANDS CIRCLE,1.4436794,103.7996652
106 JURONG EAST ST 13,1.3372962,103.7376511
367 CORPORATION DR,1.3380357,103.7191651
307 SERANGOON AVE 2,1.354559,103.8669628
137 BEDOK NTH AVE 3,1.3288356,103.9355626
297A CHOA CHU KANG AVE 2,1.3771787,103.742543
510 JELAPANG RD,1.3874816,103.7691572
43A SIMS DR,1.3168018,103.8765576
133 PASIR RIS ST 11,1.365458,103.9561402
115 RIVERVALE WALK,1.3846832,103.9011225
501 ANG MO KIO AVE 5,1.3759816,103.8488444
271B JURONG WEST ST 24,1.3505448,103.7042823
642 ROWELL RD,1.3077948,103.8563212
701 TAMPINES ST 71,1.3561825,103.9367183
689B WOODLANDS DR 75,1.4445799,103.8083586
515 JELAPANG RD,1.388211,103.7672285
154 ANG MO KIO AVE 5,1.3763186,103.8414166
44 OWEN RD,1.3154906,103.8503539
430 BT PANJANG RING RD,1.3867431,103.7703827
25A JLN MEMBINA,1.2836303,103.8261827
212C COMPASSVALE DR,1.3861856,103.9010772
716 JURONG WEST ST 71,1.3438214,103.696421
88 DAWSON RD,1.2958156,103.8093768
684B WOODLANDS DR 73,1.4418124,103.8048268
3 DELTA AVE,1.2917039,103.8272867
670A JURONG WEST ST 65,1.3440873,103.7029009
260A PUNGGOL WAY,1.404923,103.8968404
509 ANG MO KIO AVE 8,1.3739957,103.8501126
296 PUNGGOL CTRL,1.401734,103.9052911
893 TAMPINES AVE 8,1.3487909,103.9301015
401 JURONG WEST ST 42,1.3534067,103.7214728
239 SERANGOON AVE 2,1.3533056,103.8684124
940 HOUGANG ST 92,1.3735236,103.8798257
585 WOODLANDS DR 16,1.4293564,103.7954546
336 WOODLANDS AVE 1,1.43043,103.781918
828 TAMPINES ST 81,1.3487434,103.9351094
355A YISHUN RING RD,1.4260098,103.8446775
219 BT BATOK ST 21,1.3472311,103.7550328
651 PUNGGOL CTRL,1.3969828,103.91526
409 BT BATOK WEST AVE 4,1.3644956,103.745797
645 HOUGANG AVE 8,1.3718329,103.8813686
1A CANTONMENT RD,1.277898,103.840963
7 EVERTON PK,1.2770881,103.8392427
226 PENDING RD,1.3752605,103.772321
737 JURONG WEST ST 75,1.3468073,103.7012728
182 JELEBU RD,1.379934,103.763274
174 WOODLANDS ST 13,1.4333177,103.7777539
413 EUNOS RD 5,1.3185518,103.8987441
504A MONTREAL DR,1.4515306,103.8239356
420 CHOA CHU KANG AVE 4,1.3813403,103.7413745
527 SERANGOON NTH AVE 4,1.3713697,103.8729381
446 ANG MO KIO AVE 10,1.3678117,103.8551856
74 C'WEALTH DR,1.296245,103.799522
712 BEDOK RESERVOIR RD,1.3359249,103.9226092
255 SERANGOON CTRL DR,1.3551869,103.8707137
269 BISHAN ST 24,1.3556855,103.8438819
261B PUNGGOL WAY,1.4060209,103.8964783
746 JURONG WEST ST 73,1.3474125,103.697925
776 PASIR RIS ST 71,1.3751087,103.9372622
543 SERANGOON NTH AVE 3,1.3702886,103.8716082
178 BISHAN ST 13,1.3481234,103.8523854
679 CHOA CHU KANG CRES,1.4026274,103.7447108
74 BEDOK NTH RD,1.3274812,103.9420891
510 WEST COAST DR,1.3108762,103.7607331
160 TAMPINES ST 12,1.3507347,103.9450805
143 SERANGOON NTH AVE 1,1.3674066,103.8730323
521 JELAPANG RD,1.3874794,103.7657172
740 TAMPINES ST 72,1.3593719,103.9328434
669A JURONG WEST ST 64,1.3429793,103.7032609
520 HOUGANG AVE 6,1.373594,103.8901352
157 JLN TECK WHYE,1.3794027,103.7569494
26C JLN MEMBINA,1.2824471,103.825505
858 YISHUN AVE 4,1.417613,103.8382463
436 WOODLANDS ST 41,1.4265852,103.7745837
153 LOR 2 TOA PAYOH,1.3336385,103.8456308
254 BISHAN ST 22,1.36191,103.8430174
586 ANG MO KIO AVE 3,1.3701472,103.8534139
197B PUNGGOL FIELD,1.400066,103.906531
272B JURONG WEST ST 24,1.3505958,103.7049836
442 PASIR RIS DR 6,1.3690369,103.9576814
208 NEW UPP CHANGI RD,1.3254549,103.9301005
603B PUNGGOL RD,1.4031819,103.9082817
328 CLEMENTI AVE 2,1.3139144,103.7670701
414 SEMBAWANG DR,1.4516413,103.8179582
54 KENT RD,1.3167389,103.8523882
406 YISHUN AVE 6,1.4259081,103.8492973
497C TAMPINES ST 45,1.3582685,103.958588
234A SERANGOON AVE 2,1.3544688,103.8690679
150 BISHAN ST 11,1.344518,103.855269
271A JURONG WEST ST 24,1.3508208,103.7040787
403 PANDAN GDNS,1.3203086,103.7494177
30 TANGLIN HALT RD,1.2991725,103.7994841
29 MARINE CRES,1.3027979,103.9132039
625 ANG MO KIO AVE 9,1.3822555,103.8412354
322 UBI AVE 1,1.3280425,103.9048606
14 TAMAN HO SWEE,1.2879469,103.8322682
888 TAMPINES ST 81,1.3508713,103.9310985
319A ANCHORVALE DR,1.3906154,103.8898865
279 YISHUN ST 22,1.4385146,103.8377146
290B BT BATOK ST 24,1.3435596,103.7566613
853 HOUGANG CTRL,1.3694278,103.8939299
469 ADMIRALTY DR,1.4487664,103.8139281
202 TAMPINES ST 21,1.3529624,103.9521514
663 YISHUN AVE 4,1.4198036,103.8398767
32 NEW MKT RD,1.2850983,103.8425388
324 JURONG EAST ST 31,1.3486216,103.7297796
250 BISHAN ST 22,1.3616521,103.8438625
8 EMPRESS RD,1.3163463,103.8052899
109 ANG MO KIO AVE 4,1.3701806,103.8376554
611 JURONG WEST ST 65,1.339192,103.7007986
788E WOODLANDS CRES,1.4444696,103.8024724
424 CANBERRA RD,1.4537841,103.8187053
187B RIVERVALE DR,1.3943592,103.9058952
465 SEGAR RD,1.38728,103.7727737
710 PASIR RIS ST 72,1.3821213,103.9374662
107 LOR 1 TOA PAYOH,1.3412359,103.8474196
539 HOUGANG ST 52,1.3775314,103.8901558
116 LOR 2 TOA PAYOH,1.3404772,103.8457645
148 MEI LING ST,1.2945241,103.8044041
207 YISHUN ST 21,1.4312469,103.8371367
678A JURONG WEST ST 64,1.3451052,103.7042586
146 GANGSA RD,1.3755348,103.7661874
204D COMPASSVALE DR,1.3875477,103.8953614
433A SENGKANG WEST WAY,1.3948466,103.8774952
457 HOUGANG AVE 10,1.3770299,103.8961013
17 TELOK BLANGAH CRES,1.2778231,103.8218752
635 WOODLANDS RING RD,1.4371518,103.8022997
12 KG ARANG RD,1.3008228,103.8837244
151 SIMEI ST 1,1.3457587,103.9574094
201C COMPASSVALE DR,1.3871309,103.893629
201 JURONG EAST ST 21,1.3364534,103.742991
848 TAMPINES ST 82,1.3525141,103.9359708
615A EDGEFIELD PLAINS,1.4042372,103.9094914
285B TOH GUAN RD,1.3383674,103.747072
320 HOUGANG AVE 5,1.366314,103.8980414
486 ADMIRALTY LINK,1.4561147,103.816047
456 CLEMENTI AVE 3,1.3119389,103.7669796
241 TAMPINES ST 21,1.3546079,103.9470792
714 ANG MO KIO AVE 6,1.371088,103.8462175
167 HOUGANG AVE 1,1.3517961,103.888708
703 YISHUN AVE 5,1.429381,103.8283426
32 TELOK BLANGAH RISE,1.2731553,103.8217065
896A TAMPINES ST 81,1.3485568,103.9325941
56 PIPIT RD,1.3242037,103.8884362
107 ANG MO KIO AVE 4,1.3714168,103.8372427
215 BISHAN ST 23,1.3571547,103.8488444
12B MARSILING LANE,1.4410599,103.7780701
857B TAMPINES ST 83,1.3542978,103.9366504
96 HENDERSON RD,1.2869818,103.8216714
664D JURONG WEST ST 64,1.3390859,103.702738
934 JURONG WEST ST 91,1.3422968,103.688789
465 UPP SERANGOON RD,1.3720058,103.8966796
182 ANG MO KIO AVE 5,1.3771087,103.8366694
501B WELLINGTON CIRCLE,1.4521332,103.8214902
582 PASIR RIS ST 53,1.3753993,103.9468935
110 BT PURMEI RD,1.2738047,103.8270224
248 BANGKIT RD,1.3814176,103.7742501
266 BT BATOK EAST AVE 4,1.3493256,103.7601931
126D EDGEDALE PLAINS,1.3937226,103.9110776
254 COMPASSVALE RD,1.394402,103.8996273
436C FERNVALE RD,1.3920867,103.8766114
63 CHAI CHEE RD,1.3261372,103.9213324
120B RIVERVALE DR,1.385686,103.90439
170 WOODLANDS ST 11,1.4336197,103.7763951
166 STIRLING RD,1.2906724,103.8023356
489B TAMPINES ST 45,1.361324,103.957485
123 BEDOK RESERVOIR RD,1.3324191,103.9104567
665A PUNGGOL DR,1.4016462,103.9140773
941 JURONG WEST ST 91,1.3439661,103.6888535
268 BT BATOK EAST AVE 4,1.3493318,103.7591068
107 POTONG PASIR AVE 1,1.3346386,103.8684039
411 CHOA CHU KANG AVE 3,1.3809988,103.7410546
649 WOODLANDS RING RD,1.4389732,103.8010235
788C WOODLANDS CRES,1.4438487,103.8019743
159 BEDOK STH AVE 3,1.3190559,103.9456246
832 TAMPINES ST 82,1.3500963,103.935336
743 PASIR RIS ST 71,1.3775664,103.935576
643 PASIR RIS DR 10,1.3777223,103.9381007
371 BT BATOK ST 31,1.3594109,103.750685
417 EUNOS RD 5,1.3180827,103.896954
427 YISHUN AVE 11,1.421941,103.8484389
615C EDGEFIELD PLAINS,1.402966,103.910372
833 JURONG WEST ST 81,1.3439167,103.6943048
458 CLEMENTI AVE 3,1.3114652,103.7669729
285A TOH GUAN RD,1.3384126,103.746159
59 C'WEALTH DR,1.296245,103.799522
519 JURONG WEST ST 52,1.3456884,103.7175611
281 BT BATOK EAST AVE 3,1.3475487,103.7575258
644 PASIR RIS DR 10,1.3780918,103.9375568
12 DOVER CL EAST,1.3050409,103.785545
871 YISHUN ST 81,1.4148756,103.8377309
617C PUNGGOL DR,1.4019839,103.9124505
713 YISHUN ST 71,1.4274744,103.8273638
704 WOODLANDS DR 40,1.4406187,103.7960431
12 JOO SENG RD,1.3358945,103.8788316
629 WOODLANDS RING RD,1.4342008,103.8012952
122 HOUGANG AVE 1,1.3537146,103.8861709
263 YISHUN ST 22,1.436097,103.8389709
631 SENJA RD,1.3865839,103.7603257
35 EUNOS CRES,1.321131,103.9012131
19 JLN TENTERAM,1.3276604,103.8598896
531 BT BATOK ST 51,1.3563356,103.7503229
59 LOR 5 TOA PAYOH,1.3366946,103.8518051
615 YISHUN RING RD,1.4196597,103.8353049
331 TAH CHING RD,1.3380879,103.7235083
213 BOON LAY PL,1.3495248,103.712856
416 TAMPINES ST 41,1.3591401,103.9473468
524A PASIR RIS ST 51,1.3713834,103.9476686
764A WOODLANDS CIRCLE,1.44563,103.796607
360 YUNG AN RD,1.3355726,103.7214288
214 PETIR RD,1.3750268,103.7746749
122 PASIR RIS ST 11,1.366574,103.954289
618 WOODLANDS AVE 4,1.4336421,103.796677
761 PASIR RIS ST 71,1.3765604,103.9333976
362 BT BATOK ST 31,1.3606603,103.7500513
601 ANG MO KIO AVE 5,1.3810733,103.835136
12 TOH YI DR,1.3384138,103.7727743
622 SENJA RD,1.3858818,103.7612762
290D BT BATOK EAST AVE 3,1.3445791,103.7575829
504C YISHUN ST 51,1.4181684,103.8434094
507C WELLINGTON CIRCLE,1.4522329,103.8231658
775 WOODLANDS CRES,1.4481937,103.7991862
172 HOUGANG AVE 1,1.3505471,103.8894329
446 YISHUN AVE 11,1.4230726,103.8451304
297D CHOA CHU KANG AVE 2,1.3781446,103.7430815
808 YISHUN RING RD,1.4168508,103.8309096
613B PUNGGOL DR,1.4042059,103.9083052
719 TAMPINES ST 72,1.3588222,103.9360385
8 MARINE TER,1.3045165,103.9160757
469A ADMIRALTY DR,1.4499075,103.81343
431 ANG MO KIO AVE 10,1.3682646,103.8529208
860 TAMPINES AVE 5,1.3554617,103.9379194
533 SERANGOON NTH AVE 4,1.3745773,103.8744855
702 HOUGANG AVE 2,1.3657772,103.8897048
612C PUNGGOL DR,1.4050512,103.9078756
132 GEYLANG EAST AVE 1,1.3162784,103.8858583
892A WOODLANDS DR 50,1.4372051,103.7901575
138A YUAN CHING RD,1.3280626,103.7245744
248 CHOA CHU KANG AVE 2,1.3790054,103.7446257
559 JURONG WEST ST 42,1.3545404,103.7186447
243 KIM KEAT LINK,1.330261,103.856526
310 JURONG EAST ST 32,1.3482257,103.7337588
101 BT PURMEI RD,1.2715396,103.825747
685A CHOA CHU KANG CRES,1.4040371,103.7477655
564 PASIR RIS ST 51,1.3683693,103.9498624
498L TAMPINES ST 45,1.3624128,103.9572734
617 BT PANJANG RING RD,1.3855799,103.7627247
687B WOODLANDS DR 75,1.4418508,103.8075258
22 BOON KENG RD,1.3181818,103.8614369
63 CIRCUIT RD,1.3264583,103.88661
662 JLN DAMAI,1.3344075,103.9082817
29 TANGLIN HALT RD,1.2988789,103.7996652
441B FERNVALE RD,1.3911728,103.8748026
5 FARRER RD,1.3166154,103.8072719
149 PETIR RD,1.3766856,103.7667985
30 LOR 5 TOA PAYOH,1.3335455,103.8546251
731 JURONG WEST ST 72,1.3457169,103.6985556
181 YUNG SHENG RD,1.3338632,103.7219932
298B COMPASSVALE ST,1.3954502,103.9020287
844 JURONG WEST ST 81,1.3453923,103.6924956
353 KANG CHING RD,1.3397115,103.720799
24 TANGLIN HALT RD,1.297742,103.7995553
432 TAMPINES ST 41,1.3589012,103.9506103
10 LOR 7 TOA PAYOH,1.3371228,103.8571807
529 WOODLANDS DR 14,1.4317567,103.7929645
717 PASIR RIS ST 72,1.3828114,103.9365388
192B RIVERVALE DR,1.3941616,103.9030015
328 TAMPINES ST 32,1.3535108,103.9584973
476A UPP SERANGOON VIEW,1.3767521,103.9040981
32 TANGLIN HALT RD,1.2996104,103.7996652
427 JURONG WEST AVE 1,1.3514301,103.7255263
2C BOON TIONG RD,1.2869202,103.8328117
112 EDGEFIELD PLAINS,1.3962627,103.9071328
215 MARSILING LANE,1.4475945,103.7720494
654C JURONG WEST ST 61,1.3359879,103.6972889
155 YUNG LOH RD,1.327764,103.7224683
896 TAMPINES ST 81,1.3483014,103.9324581
413 YISHUN RING RD,1.424971,103.8465798
271 QUEEN ST,1.3010138,103.8537971
547D SEGAR RD,1.388855,103.7690352
545 SERANGOON NTH AVE 3,1.3646758,103.8722366
157 SIMEI RD,1.3446493,103.9594039
201E TAMPINES ST 23,1.3531703,103.9541458
601C PUNGGOL CTRL,1.4028432,103.9081808
115 BEDOK RESERVOIR RD,1.3306733,103.9086442
52 SIMS PL,1.3165819,103.8804075
332A ANCHORVALE LINK,1.3952221,103.8910545
311B ANCHORVALE LANE,1.3914529,103.8842735
354 WOODLANDS AVE 1,1.4323916,103.7851775
3D UPP BOON KENG RD,1.3132455,103.8727389
125 ALJUNIED RD,1.3233593,103.8817062
7 TECK WHYE AVE,1.3815228,103.7545774
148 SIMEI ST 1,1.3463532,103.9558682
520A TAMPINES CTRL 8,1.3569026,103.9400264
362 CLEMENTI AVE 2,1.3127272,103.7699671
186C RIVERVALE DR,1.392778,103.905158
653C JURONG WEST ST 61,1.3354764,103.6969267
289A BT BATOK ST 25,1.344666,103.7604949
504 PASIR RIS ST 52,1.3761262,103.9447406
293 YISHUN ST 22,1.4363967,103.8379745
235 BT BATOK EAST AVE 5,1.3493905,103.7558025
456 ANG MO KIO AVE 10,1.367206,103.8585374
632C PUNGGOL DR,1.4008985,103.9131529
17 TOH YI DR,1.3398004,103.7724115
809 WOODLANDS ST 81,1.4430861,103.7881569
265 BISHAN ST 24,1.3584028,103.8420886
654B JURONG WEST ST 61,1.3362045,103.6978318
61C STRATHMORE AVE,1.2942509,103.8122177
311 SHUNFU RD,1.3509762,103.8393812
576 HOUGANG AVE 4,1.3783225,103.8865333
23 SIN MING RD,1.3543011,103.8358007
757 YISHUN ST 72,1.4265818,103.8340536
439 JURONG WEST AVE 1,1.3516515,103.7231729
673B JURONG WEST ST 65,1.3444584,103.7017246
311 CANBERRA RD,1.4466262,103.8225893
240 LOR 1 TOA PAYOH,1.3408877,103.8507467
135 BEDOK RESERVOIR RD,1.3331404,103.9122693
470A FERNVALE LINK,1.3963872,103.8794633
769 CHOA CHU KANG ST 54,1.3942316,103.7505039
535 WOODLANDS DR 14,1.4311751,103.792059
64 TEBAN GDNS RD,1.321534,103.739823
307 BT BATOK ST 31,1.3581784,103.748422
190B RIVERVALE DR,1.3941866,103.9024114
363 TAMPINES ST 34,1.3554002,103.9608544
265 BT BATOK EAST AVE 4,1.350053,103.7599183
468C ADMIRALTY DR,1.4502476,103.8148111
59 MARINE TER,1.3058783,103.9144897
54 JLN MA'MOR,1.3280341,103.8562631
409 YISHUN RING RD,1.4262854,103.8475762
549 WOODLANDS DR 44,1.4319685,103.7943227
251 COMPASSVALE ST,1.3935768,103.9000275
13 FARRER PK RD,1.3116836,103.8513808
222 YISHUN ST 21,1.4340945,103.8363952
648D JURONG WEST ST 61,1.3394218,103.6976508
219A JURONG EAST ST 21,1.3406595,103.7374697
460 ANG MO KIO AVE 10,1.3663606,103.8590357
111 BT MERAH VIEW,1.286212,103.823644
117 LOR 1 TOA PAYOH,1.340041,103.845221
21 QUEEN'S CL,1.2932461,103.7997558
10B BEDOK STH AVE 2,1.3224673,103.9361971
121 PENDING RD,1.3772913,103.7697408
58 C'WEALTH DR,1.296245,103.799522
836 HOUGANG CTRL,1.3699453,103.8908827
581 WOODLANDS DR 16,1.4299743,103.7964053
97 WHAMPOA DR,1.3216627,103.8551657
220 SERANGOON AVE 4,1.3586973,103.87222
524 BEDOK NTH ST 3,1.3349574,103.9302828
812 TAMPINES AVE 4,1.3469734,103.9373755
541 WOODLANDS DR 16,1.4280868,103.793055
281A SENGKANG EAST AVE,1.3860772,103.8916303
422 CANBERRA RD,1.4528527,103.81965
228A COMPASSVALE WALK,1.3875599,103.9013378
408B FERNVALE RD,1.3890749,103.8760224
614 SENJA RD,1.3844904,103.7610046
15 TECK WHYE LANE,1.3791755,103.7547584
122 PENDING RD,1.3777496,103.7700354
33 TELOK BLANGAH WAY,1.2742268,103.8224586
117 EDGEFIELD PLAINS,1.395318,103.9064419
131 CHOA CHU KANG AVE 1,1.38147,103.7510471
98 WHAMPOA DR,1.3216954,103.8541904
302 JURONG EAST ST 32,1.3447063,103.7343019
52 TEBAN GDNS RD,1.3209729,103.737637
209B COMPASSVALE LANE,1.3838919,103.898676
201B COMPASSVALE DR,1.3886707,103.8938141
863 YISHUN AVE 4,1.4169322,103.8386312
402 FAJAR RD,1.3803433,103.7680659
541 CHOA CHU KANG ST 52,1.3929487,103.7442582
4 BOON KENG RD,1.3160612,103.8599191
980D BUANGKOK CRES,1.3805352,103.8809835
626 BEDOK RESERVOIR RD,1.3343651,103.9156225
468B FERNVALE LINK,1.397078,103.8783074
757 JURONG WEST ST 74,1.3499597,103.7009115
61 LOR 5 TOA PAYOH,1.3364005,103.8520764
226 TAMPINES ST 23,1.3555134,103.9540551
228 BISHAN ST 23,1.358119,103.846761
496G TAMPINES AVE 9,1.3607106,103.9504946
619 BT PANJANG RING RD,1.3858569,103.7623852
104 POTONG PASIR AVE 1,1.3343451,103.8692235
625 SENJA RD,1.3856672,103.760371
87 CIRCUIT RD,1.3233405,103.8857164
43 CHAI CHEE ST,1.3280924,103.925092
261A PUNGGOL WAY,1.4057344,103.8970594
723 CLEMENTI WEST ST 2,1.3031043,103.7634489
693 HOUGANG ST 61,1.3767785,103.8874395
96 LOR 3 TOA PAYOH,1.33864,103.8483004
461 JURONG WEST ST 41,1.3496255,103.7208199
415 ANG MO KIO AVE 10,1.3645245,103.8536456
226C COMPASSVALE WALK,1.3881347,103.8998538
774 PASIR RIS ST 71,1.3742333,103.936673
690D WOODLANDS DR 75,1.4426008,103.8079058
412 C'WEALTH AVE WEST,1.352083,103.819836
489 ADMIRALTY LINK,1.4549917,103.8167483
984B BUANGKOK LINK,1.3820572,103.880596
139 POTONG PASIR AVE 3,1.3332642,103.8661489
210 HOUGANG ST 21,1.3590672,103.8874352
403 BT BATOK WEST AVE 7,1.3651605,103.7448918
671B JURONG WEST ST 65,1.344128,103.7018603
353 CHOA CHU KANG CTRL,1.3820832,103.7434209
113 JLN BT MERAH,1.2805225,103.8258442
245 PASIR RIS ST 21,1.3710805,103.9628154
404A FERNVALE LANE,1.3883977,103.8738335
1 LOR LEW LIAN,1.3507811,103.8752949
171 HOUGANG AVE 1,1.3511339,103.8892517
329 ANG MO KIO AVE 3,1.3666153,103.8468517
643 BEDOK RESERVOIR RD,1.3310121,103.9058114
517 PASIR RIS ST 52,1.3747766,103.9438341
233 TAMPINES ST 21,1.3564307,103.9474374
133 ANG MO KIO AVE 3,1.3711623,103.8426375
576 PASIR RIS ST 53,1.3731476,103.9468255
115 CLEMENTI ST 13,1.3239894,103.7716873
619 YISHUN RING RD,1.41916,103.834754
827 WOODLANDS ST 81,1.4397053,103.7894331
38 CAMBRIDGE RD,1.3166725,103.848935
324 SERANGOON AVE 3,1.351272,103.868797
137 MARSILING RD,1.4384604,103.7770289
161 BT BATOK ST 11,1.3484775,103.7420888
515D TAMPINES CTRL 7,1.356975,103.9387784
544 CHOA CHU KANG ST 52,1.3939787,103.7437151
253 SERANGOON CTRL DR,1.3540151,103.8707819
146 SERANGOON NTH AVE 1,1.3681944,103.8727522
466D SEMBAWANG DR,1.455854,103.8135205
670 JLN DAMAI,1.3328707,103.9082817
295A COMPASSVALE CRES,1.3982523,103.8992195
306B PUNGGOL PL,1.405775,103.905935
134 ANG MO KIO AVE 3,1.372064,103.8422318
136 RIVERVALE ST,1.3889541,103.9051332
448 HOUGANG AVE 10,1.3791317,103.895187
156 BEDOK STH AVE 3,1.3183175,103.945534
162A PUNGGOL CTRL,1.3965503,103.9141354
624 YISHUN RING RD,1.417779,103.8350761
430C FERNVALE LINK,1.3944432,103.8788389
114 SERANGOON NTH AVE 1,1.3688736,103.8714938
214 BOON LAY PL,1.3490861,103.7122221
369 TAMPINES ST 34,1.3584903,103.9602096
208 BT BATOK ST 21,1.3458934,103.7488545
415 BT BATOK WEST AVE 4,1.3631707,103.7467927
892A TAMPINES AVE 8,1.3487875,103.9296358
241 BT BATOK EAST AVE 5,1.3509696,103.7545808
166 WOODLANDS ST 13,1.4336992,103.7753992
414A FERNVALE LINK,1.3902503,103.8800775
158 JLN TECK WHYE,1.3798942,103.7572026
155 HOUGANG ST 11,1.3526505,103.8802813
537 BT BATOK ST 52,1.3551602,103.750866
604 CLEMENTI WEST ST 1,1.3054231,103.7675227
330 UBI AVE 1,1.3265291,103.9040224
157A RIVERVALE CRES,1.3876446,103.9082817
311 UBI AVE 1,1.3301181,103.903388
419 CANBERRA RD,1.4522782,103.8188412
523 BEDOK NTH ST 3,1.334352,103.9305773
553 SERANGOON NTH AVE 3,1.3646758,103.8722366
606 CLEMENTI WEST ST 1,1.3048352,103.7679754
629 YISHUN ST 61,1.4184194,103.8377815
886C WOODLANDS DR 50,1.4378232,103.794031
450 PASIR RIS DR 6,1.3714148,103.956987
127 PENDING RD,1.3765188,103.7693298
233 COMPASSVALE WALK,1.3900814,103.9005901
627 BT BATOK CTRL,1.3514294,103.750272
49 HOY FATT RD,1.2875487,103.8117093
491C TAMPINES ST 45,1.3618794,103.9545991
104 ALJUNIED CRES,1.3200997,103.88277
327 SEMBAWANG CRES,1.4455543,103.8190458
285 BT BATOK EAST AVE 3,1.3464088,103.7579294
846 SIMS AVE,1.3176238,103.901755
367A TAMPINES ST 34,1.3576522,103.9598888
105 TOWNER RD,1.3205548,103.8610741
323A SENGKANG EAST WAY,1.3932718,103.8925591
551 JURONG WEST ST 42,1.3522124,103.7166198
463B SEMBAWANG DR,1.4560176,103.8137696
207C COMPASSVALE LANE,1.3846478,103.8979098
613 ELIAS RD,1.3751211,103.9413413
665 WOODLANDS RING RD,1.4380396,103.7976731
167 BEDOK STH AVE 3,1.3196149,103.9449631
627 JURONG WEST ST 65,1.3419785,103.6989175
825 WOODLANDS ST 81,1.4388967,103.7896142
8 TECK WHYE AVE,1.3807955,103.7545195
407 CLEMENTI AVE 1,1.3103244,103.7677943
79C TOA PAYOH CTRL,1.33436,103.848924
464 UPP SERANGOON RD,1.3723952,103.8962668
258A COMPASSVALE RD,1.3931535,103.896837
615 BEDOK RESERVOIR RD,1.3322067,103.9155772
163 SIMEI RD,1.3460403,103.9593132
13 DOVER CL EAST,1.3054294,103.7860377
243 HOUGANG ST 22,1.3576364,103.8916983
787 CHOA CHU KANG NTH 6,1.395843,103.7477657
419 CHOA CHU KANG AVE 4,1.3820393,103.7415428
413 C'WEALTH AVE WEST,1.352083,103.819836
324C SENGKANG EAST WAY,1.3926067,103.891779
628 BT BATOK CTRL,1.3513557,103.7503434
249 BT BATOK EAST AVE 5,1.3507433,103.7565454
5 TG PAGAR PLAZA,1.2762569,103.8429313
338A TAH CHING RD,1.3377625,103.7221063
419 FAJAR RD,1.3843667,103.7695145
253 PASIR RIS ST 21,1.3681259,103.963121
180 ANG MO KIO AVE 5,1.3767032,103.8383369
681D WOODLANDS DR 62,1.4400585,103.8035591
541 BT BATOK ST 52,1.354002,103.7516128
422 PASIR RIS DR 6,1.3705911,103.9544254
212 TAMPINES ST 23,1.3544148,103.9541458
101 ALJUNIED CRES,1.320899,103.8834439
610 ELIAS RD,1.375337,103.9419758
799 YISHUN RING RD,1.4191148,103.8325399
876 WOODLANDS AVE 9,1.444782,103.7905423
933 JURONG WEST ST 91,1.3422499,103.6898694
475 SEGAR RD,1.3889679,103.7725021
274 BT BATOK EAST AVE 4,1.3479355,103.7579574
62 SIMS DR,1.3192389,103.8767767
65 TELOK BLANGAH DR,1.2741756,103.8104415
112 MCNAIR RD,1.3212251,103.8589904
43 TANGLIN HALT RD,1.2987386,103.7985786
348A YISHUN AVE 11,1.4273134,103.8414619
518 BEDOK NTH AVE 2,1.3304457,103.9295549
430 TAMPINES ST 41,1.3586475,103.9497416
553 BEDOK NTH AVE 1,1.331514,103.9278582
436B FERNVALE RD,1.3928182,103.8765665
553 WOODLANDS DR 44,1.4315971,103.7950471
161 SIMEI RD,1.3453764,103.9602198
123 GEYLANG EAST CTRL,1.3181825,103.8854921
685C WOODLANDS DR 73,1.4417334,103.8057324
81A LOR 4 TOA PAYOH,1.3356937,103.8501126
231 COMPASSVALE WALK,1.3895178,103.9013943
37 TELOK BLANGAH RISE,1.2727975,103.8229402
88 ZION RD,1.2917633,103.8330607
324 UBI AVE 1,1.3282302,103.904045
102 WOODLANDS ST 13,1.4363072,103.7810126
426A YISHUN AVE 11,1.4234071,103.8468739
293 TAMPINES ST 22,1.350384,103.9549617
20 BALAM RD,1.3308163,103.8874982
276 YISHUN ST 22,1.4379366,103.8381557
224 YISHUN ST 21,1.4346528,103.8351666
451 CHOA CHU KANG AVE 4,1.3800142,103.7359273
317 SEMBAWANG VISTA,1.4457796,103.8205138
198 PASIR RIS ST 12,1.3666781,103.9603105
370 HOUGANG ST 31,1.3637462,103.8894556
113 BEDOK RESERVOIR RD,1.3305887,103.910638
769 PASIR RIS ST 71,1.3750136,103.9350632
363 BT BATOK ST 31,1.3609581,103.7492367
510 SERANGOON NTH AVE 4,1.3702886,103.8716082
176D EDGEFIELD PLAINS,1.3977161,103.9095002
105 WOODLANDS ST 13,1.436891,103.7815558
266 BOON LAY DR,1.3463387,103.7063401
683A WOODLANDS DR 62,1.4402104,103.8027441
6 LOR 7 TOA PAYOH,1.3385868,103.8570897
436A FERNVALE RD,1.3920867,103.8766114
236 YISHUN RING RD,1.4337945,103.8390049
9 JLN RUMAH TINGGI,1.2890166,103.8083937
140 YISHUN RING RD,1.4311799,103.8303959
332 CLEMENTI AVE 2,1.3146627,103.7674096
58 GEYLANG BAHRU,1.3232956,103.86805
532 BT BATOK ST 51,1.3562666,103.7495987
623C PUNGGOL CTRL,1.3997934,103.911147
603 CHOA CHU KANG ST 62,1.3977136,103.7446203
86 WHAMPOA DR,1.3231637,103.8558876
708 YISHUN AVE 5,1.4288708,103.8276458
705 JURONG WEST ST 71,1.3412749,103.6948899
649A JURONG WEST ST 61,1.3382982,103.6971646
7 C'WEALTH AVE,1.352083,103.819836
619C PUNGGOL DR,1.4024536,103.9107068
689F WOODLANDS DR 75,1.443492,103.8087142
456 TAMPINES ST 42,1.3576337,103.9545084
641 CHOA CHU KANG ST 64,1.3983793,103.749825
218 ANG MO KIO AVE 1,1.3651871,103.8416028
274 TAMPINES ST 22,1.3482906,103.9499757
73 LOR 4 TOA PAYOH,1.3342944,103.8517475
102 SERANGOON NTH AVE 1,1.3708847,103.8710839
229 TAMPINES ST 23,1.3559531,103.9539645
1 TG PAGAR PLAZA,1.2748632,103.8426344
101 WOODLANDS ST 13,1.4359346,103.781918
628 YISHUN ST 61,1.418161,103.8368
820 WOODLANDS ST 82,1.4411678,103.7903386
63 KALLANG BAHRU,1.3210258,103.8683218
895C WOODLANDS DR 50,1.4359334,103.7927378
607 WOODLANDS RING RD,1.4366529,103.7964053
722 TAMPINES ST 72,1.3599405,103.9357439
706 CHOA CHU KANG ST 53,1.3909961,103.7473892
315 JURONG EAST ST 32,1.3463321,103.7330373
419 WOODLANDS ST 41,1.4285115,103.774607
104B EDGEFIELD PLAINS,1.396517,103.905388
494B TAMPINES AVE 9,1.3629892,103.9527008
332 SERANGOON AVE 3,1.35102,103.8701377
237 BISHAN ST 22,1.3592871,103.8473951
341 WOODLANDS AVE 1,1.4315297,103.7811096
981D BUANGKOK CRES,1.3804853,103.8791008
236 JURONG EAST ST 21,1.3404134,103.7420858
39 UPP BOON KENG RD,1.318751,103.874171
512 BEDOK NTH AVE 2,1.3345937,103.9336453
438 YISHUN AVE 11,1.4217454,103.8462174
273C JURONG WEST AVE 3,1.352054,103.7038974
151 BISHAN ST 11,1.3451987,103.8553894
113 YISHUN RING RD,1.4344538,103.8286576
54 SIMS DR,1.3185268,103.8789534
407 SERANGOON AVE 1,1.3472022,103.8729429
12 NTH BRIDGE RD,1.3042894,103.8628551
106 PASIR RIS ST 12,1.3679374,103.9578627
744 YISHUN ST 72,1.4293763,103.8340797
112 HOUGANG AVE 1,1.3544325,103.8886174
915 TAMPINES ST 91,1.3486079,103.9395057
76 MARINE DR,1.3028635,103.9077153
3A GEYLANG SERAI,1.3176411,103.8988606
204B COMPASSVALE DR,1.3873191,103.8944108
453 ANG MO KIO AVE 10,1.3686114,103.8560133
720 WOODLANDS AVE 6,1.4423311,103.8009329
92 LOR 4 TOA PAYOH,1.3380627,103.8494549
271C SENGKANG CTRL,1.3851998,103.8943714
235 YISHUN ST 21,1.4345403,103.8385407
298C COMPASSVALE ST,1.3960409,103.9013037
155 BISHAN ST 13,1.3462762,103.8558197
943 JURONG WEST ST 91,1.3436419,103.6898694
435 CHOA CHU KANG AVE 4,1.3851398,103.7410676
504A YISHUN ST 51,1.4180172,103.844134
809 TAMPINES AVE 4,1.3460999,103.9365597
297B COMPASSVALE ST,1.3949795,103.9010772
558 HOUGANG ST 51,1.3805011,103.8897954
179 WOODLANDS ST 13,1.4347088,103.7782969
278 BISHAN ST 24,1.3573779,103.8435163
838 YISHUN ST 81,1.4165425,103.8333551
323 CLEMENTI AVE 5,1.3158174,103.7670701
258D COMPASSVALE RD,1.3935223,103.8970911
401 ANG MO KIO AVE 10,1.3610716,103.8553668
348 WOODLANDS AVE 3,1.4329438,103.7818954
114 HOUGANG AVE 1,1.3530861,103.889036
143 LOR 2 TOA PAYOH,1.3356536,103.843904
251 TAMPINES ST 21,1.3528384,103.9483439
706 BEDOK NTH RD,1.3363222,103.9188853
317A YISHUN AVE 9,1.4344575,103.843047
184 EDGEFIELD PLAINS,1.3986146,103.9101019
618 JURONG WEST ST 65,1.3414575,103.7003653
122 GEYLANG EAST CTRL,1.3176901,103.8850198
67 TELOK BLANGAH DR,1.2747644,103.809717
414 PASIR RIS DR 6,1.3724331,103.9561175
27 CHAI CHEE RD,1.3242967,103.9234118
1 MARINE TER,1.3048678,103.9186134
952 HOUGANG AVE 9,1.3755013,103.8774062
602 HOUGANG AVE 4,1.3711398,103.887077
436 TAMPINES ST 43,1.3596274,103.9516074
745 WOODLANDS CIRCLE,1.4423093,103.7956809
215 ANG MO KIO AVE 1,1.3664997,103.8415977
248 KIM KEAT LINK,1.3314113,103.8559735
435 CLEMENTI AVE 3,1.3145991,103.7624531
321B ANCHORVALE DR,1.3910578,103.8924514
145 PASIR RIS ST 11,1.363252,103.9608318
211C COMPASSVALE LANE,1.3851958,103.8992907
68 BEDOK STH AVE 3,1.318769,103.9433582
96 ALJUNIED CRES,1.3216613,103.8853555
428 TAMPINES ST 41,1.3590572,103.9489785
137 JLN BT MERAH,1.2781246,103.8270613
311 ANG MO KIO AVE 3,1.3666224,103.8488241
815 JURONG WEST ST 81,1.3453731,103.6958435
310 TAMPINES ST 32,1.353538,103.9569788
181 BISHAN ST 13,1.3487841,103.8526491
110 TECK WHYE LANE,1.378239,103.7519523
625A WOODLANDS DR 52,1.4335839,103.8001633
1 DELTA AVE,1.2921357,103.8285547
120 PASIR RIS ST 11,1.3672598,103.9540344
114 YISHUN RING RD,1.4343372,103.8268338
269A QUEEN ST,1.300154,103.8538166
123 BT BATOK CTRL,1.3514489,103.7475203
299C COMPASSVALE ST,1.3966757,103.9020218
112 LOR 1 TOA PAYOH,1.3415037,103.8454928
502B YISHUN ST 51,1.4167469,103.8414934
659C JURONG WEST ST 65,1.3365102,103.7020395
213 BEDOK NTH ST 1,1.3263607,103.9333872
62 DAKOTA CRES,1.3080387,103.8880944
385 BT BATOK WEST AVE 5,1.3634691,103.7521786
147 BISHAN ST 11,1.3438752,103.8551537
862A TAMPINES ST 83,1.3550855,103.9365371
443B FAJAR RD,1.381008,103.7694944
415 HOUGANG AVE 10,1.3751926,103.896522
634 CHOA CHU KANG NTH 6,1.3962643,103.7496527
165A PUNGGOL CTRL,1.3950073,103.9147162
777 PASIR RIS ST 71,1.3751087,103.9372622
622 BEDOK RESERVOIR RD,1.3340662,103.9167101
1 KG KAYU RD,1.3036012,103.883815
231 PENDING RD,1.3760641,103.7727737
105 CLEMENTI ST 12,1.322682,103.7698766
142 PETIR RD,1.3766075,103.7676133
294 CHOA CHU KANG AVE 2,1.3785973,103.7409092
142 LOR 2 TOA PAYOH,1.3355958,103.8453798
207 BISHAN ST 23,1.3546489,103.8481864
670 WOODLANDS DR 71,1.4388729,103.7994388
314 WOODLANDS ST 31,1.4311327,103.7760275
211 SERANGOON AVE 4,1.3562906,103.8732338
34 EUNOS CRES,1.3209863,103.9007594
285 BISHAN ST 22,1.3588683,103.8438623
610 HOUGANG AVE 8,1.3703453,103.8851742
672B KLANG LANE,1.3089683,103.8529137
118 BEDOK NTH ST 2,1.3337038,103.9319591
642 BEDOK RESERVOIR RD,1.3314407,103.9056309
428 WOODLANDS ST 41,1.4269643,103.7725926
110 BT MERAH VIEW,1.2874113,103.822959
231 ANG MO KIO AVE 3,1.3688328,103.8372952
291E BT BATOK ST 24,1.3434357,103.7546905
205 BT BATOK ST 21,1.3471327,103.7498505
478 PASIR RIS DR 4,1.3747293,103.9588066
131 YISHUN ST 11,1.4332064,103.8317248
524 WOODLANDS DR 14,1.4326318,103.79387
610 CHOA CHU KANG ST 62,1.3994065,103.7436246
203D COMPASSVALE RD,1.3872809,103.8955947
186 BISHAN ST 13,1.3493674,103.8524758
163A PUNGGOL CTRL,1.395511,103.9140679
182 BT BATOK WEST AVE 8,1.3456232,103.7439181
241 HOUGANG ST 22,1.3567566,103.8918795
253 JURONG EAST ST 24,1.3443897,103.7367241
613A PUNGGOL DR,1.4045769,103.9079194
935 YISHUN CTRL 1,1.4251657,103.8368104
152 JLN TECK WHYE,1.3788441,103.7581304
119A RIVERVALE DR,1.384013,103.903333
737 WOODLANDS CIRCLE,1.4436424,103.7967449
732 WOODLANDS CIRCLE,1.4433067,103.7982883
109 SPOTTISWOODE PK RD,1.2741055,103.8366159
1 BEDOK STH AVE 1,1.320875,103.9337491
16 TELOK BLANGAH CRES,1.2780633,103.8213997
668A JURONG WEST ST 64,1.3420117,103.7027406
196A PUNGGOL FIELD,1.3993606,103.9067848
435 YISHUN AVE 6,1.4214438,103.8475762
517 CHOA CHU KANG ST 51,1.3910619,103.7429119
2 TG PAGAR PLAZA,1.2752557,103.842558
357 BT BATOK ST 31,1.3616814,103.750866
4 UPP ALJUNIED LANE,1.3334712,103.8790105
373 CLEMENTI AVE 4,1.3194755,103.7673417
56 TEBAN GDNS RD,1.3222473,103.7377714
171 ANG MO KIO AVE 4,1.3749981,103.8354837
711 JURONG WEST ST 71,1.3431147,103.6955923
144 JLN BT MERAH,1.2773581,103.8300039
308A PUNGGOL WALK,1.4075722,103.9005965
127 TAMPINES ST 11,1.3452288,103.9503497
432A SENGKANG WEST WAY,1.3948955,103.8769596
109 GANGSA RD,1.3773962,103.7677708
140 SERANGOON NTH AVE 2,1.3675045,103.8741631
189A RIVERVALE DR,1.3954382,103.9040224
307 CANBERRA RD,1.4457999,103.8217393
399 YISHUN AVE 6,1.4275343,103.8473045
402 CHOA CHU KANG AVE 3,1.3784003,103.7388841
851 YISHUN ST 81,1.4156227,103.836865
688A WOODLANDS DR 75,1.4429717,103.8071478
158B RIVERVALE CRES,1.3887899,103.9066958
450A TAMPINES ST 42,1.3583791,103.952242
944 HOUGANG ST 92,1.3743287,103.880457
44 TEBAN GDNS RD,1.3208104,103.7415654
317 BT BATOK ST 32,1.3604541,103.7476978
240 HOUGANG ST 22,1.3563963,103.8908827
424A YISHUN AVE 11,1.4230829,103.8493514
127 POTONG PASIR AVE 1,1.3350196,103.8655132
124 ANG MO KIO AVE 6,1.3708768,103.8447681
358 BT BATOK ST 31,1.3614621,103.7507755
445 TAMPINES ST 42,1.3581696,103.9505196
137 POTONG PASIR AVE 3,1.3337978,103.8660365
306A ANCHORVALE LINK,1.3903883,103.8886113
35 LOR 5 TOA PAYOH,1.3343507,103.8545514
616 WOODLANDS AVE 4,1.4344796,103.795569
61 TELOK BLANGAH HTS,1.2757812,103.8120747
503 BT BATOK ST 52,1.3515578,103.7539472
606 HOUGANG AVE 4,1.3707813,103.8858087
405 SERANGOON AVE 1,1.3476211,103.8727404
487 PASIR RIS DR 4,1.3744006,103.9604934
160 SIMEI RD,1.3452332,103.9596759
283 CHOA CHU KANG AVE 3,1.379626,103.7429991
53 CHAI CHEE ST,1.3284868,103.9198822
709 HOUGANG AVE 2,1.3671047,103.8881644
351 YISHUN AVE 11,1.4264522,103.8443152
34 BEDOK STH AVE 2,1.3219812,103.9380553
447 HOUGANG AVE 10,1.3795058,103.894879
511 JELAPANG RD,1.3878195,103.7683375
527D PASIR RIS ST 51,1.3696063,103.9478702
578 HOUGANG AVE 4,1.3789597,103.8853583
634 VEERASAMY RD,1.3061183,103.8551508
436 FAJAR RD,1.3822807,103.7702533
320 UBI AVE 1,1.3289416,103.9043849
899B WOODLANDS DR 50,1.4361452,103.7954093
508 CHOA CHU KANG ST 51,1.3885095,103.7416106
321 TAH CHING RD,1.3373592,103.7244099
337 WOODLANDS AVE 1,1.4308698,103.7820085
80B LOR 4 TOA PAYOH,1.3352569,103.8484855
5 UPP ALJUNIED LANE,1.3337035,103.879825
73A REDHILL RD,1.2880326,103.8167808
348 CLEMENTI AVE 5,1.316748,103.7707819
418 HOUGANG AVE 8,1.3760972,103.8954228
291 YISHUN ST 22,1.4363123,103.8367744
638A PUNGGOL DR,1.4000915,103.914897
777 YISHUN AVE 2,1.4221114,103.8343515
917 JURONG WEST ST 91,1.3404281,103.6875768
10 GLOUCESTER RD,1.3139654,103.8521735
342 TAMPINES ST 33,1.3511488,103.9618517
413 JURONG WEST ST 42,1.3533305,103.7251608
95 HAVELOCK RD,1.2884946,103.8324041
125 PENDING RD,1.3772502,103.7705103
430B FERNVALE LINK,1.3940234,103.8781602
503 SERANGOON NTH AVE 4,1.3702886,103.8716082
548 SERANGOON NTH AVE 3,1.3646758,103.8722366
354 KANG CHING RD,1.3395126,103.7202737
443 JURONG WEST AVE 1,1.3518113,103.7203706
505C YISHUN ST 51,1.4192636,103.8442246
620 HOUGANG AVE 8,1.370207,103.8837256
459 YISHUN AVE 11,1.4210114,103.846308
628B WOODLANDS RING RD,1.4341688,103.8005255
247 HOUGANG AVE 3,1.3592067,103.891508
518 JURONG WEST ST 52,1.345173,103.7180135
162 MEI LING ST,1.2921875,103.8027214
328 WOODLANDS ST 32,1.430078,103.7794734
219 JURONG EAST ST 21,1.3407292,103.7381033
23 BEDOK STH AVE 1,1.3232917,103.9327527
672 WOODLANDS DR 71,1.439641,103.7998463
631 BEDOK RESERVOIR RD,1.3332172,103.9148295
450 TAMPINES ST 42,1.3577202,103.9519726
90 TANGLIN HALT RD,1.3006381,103.7990313
125 BISHAN ST 12,1.3468692,103.851845
511 CHOA CHU KANG ST 51,1.3895558,103.7407791
104 GANGSA RD,1.3787301,103.7681565
427 CLEMENTI AVE 3,1.3120117,103.7637884
56 LOR 4 TOA PAYOH,1.3370682,103.8503578
224B COMPASSVALE WALK,1.3882922,103.8980414
127 SERANGOON NTH AVE 1,1.3656584,103.8717681
839 YISHUN ST 81,1.4159197,103.8336195
565 PASIR RIS ST 51,1.3688771,103.950346
719 WOODLANDS AVE 6,1.442097,103.8003444
412 JURONG WEST ST 42,1.3533508,103.7260707
107 JLN BT MERAH,1.2798711,103.8247968
639 ANG MO KIO AVE 6,1.3799029,103.8425036
125 RIVERVALE ST,1.3889411,103.9028669
405 TAMPINES ST 41,1.3577816,103.9449219
920 HOUGANG ST 91,1.3768717,103.8840869
287B JURONG EAST ST 21,1.338389,103.744268
288B BT BATOK ST 25,1.346174,103.7605546
147 YISHUN ST 11,1.4312974,103.8319059
429 WOODLANDS ST 41,1.4265974,103.7725926
45 TANGLIN HALT RD,1.2992328,103.7985107
244 BT PANJANG RING RD,1.3809804,103.7717742
342 CLEMENTI AVE 5,1.3182164,103.7699671
175 ANG MO KIO AVE 4,1.3757587,103.8369782
142 LOR AH SOO,1.353003,103.8826371
292 BISHAN ST 22,1.35622,103.8458551
476 SEGAR RD,1.3890201,103.7729774
258C PUNGGOL FIELD,1.4041341,103.8963197
23 GHIM MOH LINK,1.3088305,103.786264
506 HOUGANG AVE 8,1.3728214,103.8876207
686A WOODLANDS DR 73,1.4421015,103.8055513
302A PUNGGOL PL,1.4048469,103.904533
109C EDGEDALE PLAINS,1.395182,103.909279
745 PASIR RIS ST 71,1.3783775,103.9357213
461 HOUGANG AVE 10,1.3726144,103.894674
781 PASIR RIS ST 71,1.3738555,103.9386219
188 BT BATOK WEST AVE 6,1.3462411,103.7456864
343 TAMPINES ST 33,1.351884,103.9613077
72 MARINE DR,1.3042387,103.9083359
136 SIMEI ST 1,1.3479623,103.9560496
243 BISHAN ST 22,1.3610015,103.8446233
328 BT BATOK ST 33,1.3629279,103.7475847
703 WEST COAST RD,1.3067049,103.7607331
288A PUNGGOL PL,1.4023511,103.9031647
285 TAMPINES ST 22,1.3501387,103.9531032
103 CLEMENTI ST 14,1.3226876,103.7688807
29 CHAI CHEE AVE,1.3251683,103.9239457
523D TAMPINES CTRL 7,1.3593494,103.9390319
556 PASIR RIS ST 51,1.3675325,103.9520607
449 CLEMENTI AVE 3,1.3134143,103.7648974
452 JURONG WEST ST 42,1.3516833,103.7185542
450G TAMPINES ST 42,1.3583754,103.9528766
381 TAMPINES ST 32,1.3544592,103.9590413
524 BT BATOK ST 52,1.3569055,103.753129
761 CHOA CHU KANG NTH 5,1.3931659,103.747811
202 BT BATOK ST 21,1.3466128,103.748447
786 CHOA CHU KANG DR,1.395123,103.748603
104A ANG MO KIO ST 11,1.371864,103.8388803
273B BISHAN ST 24,1.3560509,103.8434547
303 SERANGOON AVE 2,1.3535317,103.8671463
117 BEDOK NTH RD,1.3306475,103.9385539
262D COMPASSVALE ST,1.3943017,103.8949831
463 JURONG WEST ST 41,1.350638,103.7231735
130 EDGEDALE PLAINS,1.3933978,103.9096788
653B JURONG WEST ST 61,1.3362107,103.696746
526 WOODLANDS DR 14,1.4330054,103.7927834
935 TAMPINES ST 91,1.3456164,103.941024
804A KEAT HONG CL,1.3736061,103.7419953
130 YISHUN ST 11,1.4335038,103.8310907
318D ANCHORVALE LINK,1.393038,103.889615
516 SERANGOON NTH AVE 4,1.3702886,103.8716082
661 CHOA CHU KANG CRES,1.4008687,103.7505492
9 BEDOK STH AVE 2,1.3230315,103.936673
3 HAIG RD,1.3116434,103.8973165
955 HOUGANG AVE 9,1.375557,103.8783862
416 BT BATOK WEST AVE 4,1.3631754,103.745978
673A CHOA CHU KANG CRES,1.4011897,103.7473785
256C SUMANG WALK,1.4053594,103.8959624
635B SENJA RD,1.3867794,103.7573015
5 MARSILING DR,1.4400285,103.7756935
360 BT BATOK ST 31,1.3610968,103.7505944
749 YISHUN ST 72,1.4284343,103.8337157
492C TAMPINES ST 45,1.3634405,103.9537152
722 BEDOK RESERVOIR RD,1.3366346,103.9281301
50 C'WEALTH DR,1.296245,103.799522
250 BT BATOK EAST AVE 5,1.3510215,103.757112
9 EUNOS CRES,1.3218538,103.9027537
62 TELOK BLANGAH HTS,1.2753474,103.8111688
874 TAMPINES ST 84,1.3537403,103.9318463
3B UPP BOON KENG RD,1.3143059,103.8728065
188 PUNGGOL CTRL,1.3990494,103.9113517
332 ANG MO KIO AVE 1,1.3616169,103.8519345
429 ANG MO KIO AVE 3,1.3691289,103.8533671
213A PUNGGOL WALK,1.4003661,103.8981547
83 LOR 2 TOA PAYOH,1.3357938,103.8479661
516 BEDOK NTH AVE 2,1.3304457,103.9295549
351A CANBERRA RD,1.4505077,103.8201997
805A KEAT HONG CL,1.3729341,103.7427473
707 CHOA CHU KANG ST 53,1.3906733,103.7471174
430 JURONG WEST AVE 1,1.3519117,103.725691
127 MARSILING RISE,1.4381517,103.7794734
678B PUNGGOL DR,1.4058031,103.9090542
321 SERANGOON AVE 2,1.3513842,103.8678302
51 STRATHMORE AVE,1.2934517,103.8088567
245 HOUGANG ST 22,1.3584424,103.8916077
504C CANBERRA LINK,1.450212,103.8234827
47 CIRCUIT RD,1.3257553,103.8858085
620 BT PANJANG RING RD,1.3858609,103.7617062
821 JURONG WEST ST 81,1.3470653,103.6945771
622 BT BATOK CTRL,1.3507048,103.7485125
115 EDGEFIELD PLAINS,1.3951807,103.9073447
7 GHIM MOH RD,1.3113861,103.78726
342B YISHUN RING RD,1.4303552,103.8449266
180C RIVERVALE CRES,1.3895416,103.9096411
91 BEDOK NTH ST 4,1.3272379,103.9402256
14A UPP BOON KENG RD,1.31547,103.8706538
613 JURONG WEST ST 62,1.3397711,103.7006368
843 JURONG WEST ST 81,1.344296,103.6940088
303 HOUGANG AVE 5,1.3680911,103.8947792
30 JLN BAHAGIA,1.3257668,103.8581751
325 HOUGANG AVE 7,1.3675372,103.8986531
115C YISHUN RING RD,1.4337908,103.8275862
223 CHOA CHU KANG CTRL,1.3815818,103.7445298
846 JURONG WEST ST 81,1.3454712,103.6915004
316 SEMBAWANG VISTA,1.4464283,103.8210759
306D PUNGGOL DR,1.4060883,103.9065145
614B EDGEFIELD PLAINS,1.4029139,103.9101698
129 LOR AH SOO,1.351509,103.8877113
518 SERANGOON NTH AVE 4,1.3715827,103.8741202
484A CHOA CHU KANG AVE 5,1.3766239,103.7367682
297A COMPASSVALE ST,1.395093,103.9004881
178A RIVERVALE CRES,1.3891201,103.9096637
100 C'WEALTH CRES,1.352083,103.819836
9 BOON KENG RD,1.3160906,103.8612552
266B PUNGGOL WAY,1.4056097,103.8977922
43 TEBAN GDNS RD,1.3211588,103.7414522
768 YISHUN AVE 3,1.4243583,103.8340124
126 TAMPINES ST 11,1.345796,103.950313
26 MARSILING DR,1.4418966,103.7731245
2 EVERTON PK,1.2768052,103.8384135
417 HOUGANG AVE 8,1.3764441,103.8950297
201A COMPASSVALE DR,1.3889843,103.8926044
541 ANG MO KIO AVE 10,1.3740282,103.855624
665B PUNGGOL DR,1.4021823,103.914148
979A BUANGKOK CRES,1.379621,103.8788334
247 KIM KEAT LINK,1.3314257,103.8556789
539 ANG MO KIO AVE 10,1.375436,103.8543703
467A ADMIRALTY DR,1.4524569,103.8137243
181 BT BATOK WEST AVE 8,1.3456864,103.743446
8 KIM TIAN PL,1.2830761,103.8271961
136 POTONG PASIR AVE 3,1.3340619,103.8666004
112 WHAMPOA RD,1.3261952,103.8568389
221 BOON LAY PL,1.3462076,103.7124343
215 PASIR RIS ST 21,1.3684301,103.96175
183 BISHAN ST 13,1.3504693,103.8524679
272 YISHUN ST 22,1.4380745,103.839605
180D RIVERVALE CRES,1.3893902,103.9104567
299B COMPASSVALE ST,1.3970496,103.9013269
507 HOUGANG AVE 8,1.3724736,103.887598
171C EDGEDALE PLAINS,1.3947956,103.9133568
545 JURONG WEST ST 42,1.3523615,103.7152963
432C YISHUN AVE 1,1.4194647,103.8460221
210A COMPASSVALE LANE,1.3845709,103.8999784
352 KANG CHING RD,1.3394179,103.7201992
220 BOON LAY AVE,1.3497116,103.7123834
830 TAMPINES ST 82,1.3499167,103.9347468
357 TAMPINES ST 33,1.3540772,103.961761
17 SENG POH RD,1.2853186,103.8332181
774 BEDOK RESERVOIR VIEW,1.3365111,103.9368316
466 SEGAR RD,1.3869107,103.7732263
649B JURONG WEST ST 61,1.3380087,103.698171
416 BEDOK NTH AVE 2,1.3284399,103.9307341
807C CHOA CHU KANG AVE 1,1.376412,103.7455959
202 CHOA CHU KANG AVE 1,1.3819195,103.7494177
9 GLOUCESTER RD,1.3136024,103.8516753
152 GANGSA RD,1.3752426,103.7660064
804 TAMPINES AVE 4,1.3457286,103.9374662
688 HOUGANG ST 61,1.3748964,103.8852568
183A BOON LAY AVE,1.3488103,103.7096888
132 POTONG PASIR AVE 1,1.3341408,103.8656038
318C ANCHORVALE LINK,1.3934033,103.8889799
134 RIVERVALE ST,1.3878443,103.9048369
108 PASIR RIS ST 12,1.3674286,103.9572281
410 TAMPINES ST 41,1.3587804,103.946259
403D FERNVALE LANE,1.3883967,103.8731682
724 TAMPINES ST 71,1.3567797,103.9347695
533 WOODLANDS DR 14,1.430588,103.792059
677B JURONG WEST ST 64,1.3454303,103.7045135
104B DEPOT RD,1.280525,103.8120779
38 TANGLIN HALT RD,1.2976127,103.7989743
233 CHOA CHU KANG CTRL,1.380465,103.7474263
104 TAMPINES ST 11,1.3472491,103.9465762
191 BT BATOK WEST AVE 6,1.3456137,103.7453218
987A JURONG WEST ST 93,1.3365898,103.6944841
411 YISHUN RING RD,1.4259288,103.8476386
211 YISHUN ST 21,1.4317908,103.8381784
106 TAMPINES ST 11,1.3475719,103.9477094
747 WOODLANDS CIRCLE,1.4431941,103.7950471
866 WOODLANDS ST 83,1.4416677,103.7926023
48 STRATHMORE AVE,1.2940239,103.8078831
330B ANCHORVALE ST,1.3965468,103.8903391
157D RIVERVALE CRES,1.3880517,103.907602
274 TOH GUAN RD,1.3419978,103.7467927
237 JURONG EAST ST 21,1.3407116,103.7411807
213 CHOA CHU KANG CTRL,1.3822256,103.7472453
782B WOODLANDS CRES,1.4472569,103.8028346
202 SERANGOON CTRL,1.3515231,103.8736387
544 PASIR RIS ST 51,1.3689965,103.9521514
414 JURONG WEST ST 42,1.3528118,103.7261563
620 ANG MO KIO AVE 9,1.3824856,103.8395144
6 HOUGANG AVE 3,1.3626981,103.8939991
178 TOA PAYOH CTRL,1.3335739,103.8492063
710 BEDOK RESERVOIR RD,1.3356353,103.9237795
13 ST. GEORGE'S RD,1.3233202,103.8626847
203 BISHAN ST 23,1.354847,103.8473389
424 CHOA CHU KANG AVE 4,1.3814602,103.7402756
245 SIMEI ST 5,1.3444236,103.9541911
562 CHOA CHU KANG ST 52,1.396312,103.745978
40 JLN RUMAH TINGGI,1.2887805,103.8104641
348 TAMPINES ST 33,1.3526769,103.9633929
10 HAIG RD,1.3147975,103.895776
92 DAWSON RD,1.2950626,103.8111407
163 GANGSA RD,1.3762961,103.76449
266A COMPASSVALE BOW,1.3826391,103.8967954
73 MARINE DR,1.3037451,103.9082558
154 YISHUN ST 11,1.4315759,103.8343515
285 CHOA CHU KANG AVE 3,1.3800674,103.7417874
448 BRIGHT HILL DR,1.3584275,103.8315436
24 TEBAN GDNS RD,1.322028,103.7413634
310B PUNGGOL WALK,1.4097936,103.8999897
40 CAMBRIDGE RD,1.3155926,103.8488257
41 CHAI CHEE ST,1.3274212,103.9258996
473 SEMBAWANG DR,1.4513566,103.8165091
270B PUNGGOL FIELD,1.404083,103.899142
890B TAMPINES AVE 1,1.3468335,103.9335894
120 MARSILING RISE,1.4392576,103.7805293
553 PASIR RIS ST 51,1.3680413,103.9526953
155 LOR 1 TOA PAYOH,1.3327912,103.8456739
642A PUNGGOL DR,1.3981294,103.9167213
158 MEI LING ST,1.2926445,103.8027441
711 TAMPINES ST 71,1.3585414,103.9371036
584 WOODLANDS DR 16,1.4296532,103.7949113
320B ANCHORVALE DR,1.3913587,103.8907695
787 YISHUN RING RD,1.4210979,103.8317138
856F TAMPINES ST 82,1.3530042,103.9387805
305B ANCHORVALE LINK,1.3892286,103.8885268
335 CLEMENTI AVE 2,1.3169803,103.7685186
347 TAMPINES ST 33,1.3518733,103.963121
265 TAMPINES ST 21,1.3524623,103.9500663
521 WOODLANDS DR 14,1.4337551,103.793182
766 WOODLANDS CIRCLE,1.4461911,103.7971298
10F BEDOK STH AVE 2,1.322116,103.9366882
30 HOLLAND CL,1.307766,103.7966996
106 HOUGANG AVE 1,1.3539646,103.8908968
45 JLN TIGA,1.3086411,103.8845402
497J TAMPINES ST 45,1.3592149,103.9594946
237 COMPASSVALE WALK,1.3898521,103.8984853
227 BT BATOK CTRL,1.3483314,103.7535816
846 TAMPINES ST 82,1.3521796,103.9358346
161 YISHUN ST 11,1.4327953,103.8329475
119 LOR 1 TOA PAYOH,1.3390924,103.8446775
429 CLEMENTI AVE 3,1.3129137,103.7628152
540 WOODLANDS DR 16,1.4284571,103.7925117
175 YISHUN AVE 7,1.4376044,103.8325399
663A JURONG WEST ST 65,1.3385939,103.7015416
131 CLARENCE LANE,1.2922984,103.8151587
435 BT PANJANG RING RD,1.385973,103.7704214
807C CHAI CHEE RD,1.3281007,103.923417
128 KIM TIAN RD,1.2816038,103.8290076
265D PUNGGOL WAY,1.4059778,103.8990496
916 JURONG WEST ST 91,1.3407364,103.6878607
736 JURONG WEST ST 75,1.3460836,103.7017
612 WOODLANDS AVE 4,1.4351094,103.7967676
168A PUNGGOL EAST,1.3947053,103.9141739
220C BEDOK CTRL,1.3254538,103.9339582
117 POTONG PASIR AVE 1,1.3361317,103.8630671
319 ANG MO KIO AVE 1,1.3650738,103.8473951
128 PASIR RIS ST 11,1.3661951,103.9553243
102 SIMEI ST 1,1.3412746,103.9514035
341 TAMPINES ST 33,1.3513005,103.9609451
472 JURONG WEST ST 41,1.3481192,103.7223417
1 GHIM MOH RD,1.3129114,103.7868139
980C BUANGKOK CRES,1.3801143,103.8809156
752 CHOA CHU KANG NTH 5,1.3923438,103.7473358
336B YISHUN ST 31,1.4314462,103.8442771
291D BT BATOK ST 24,1.3434866,103.7553921
232 PASIR RIS DR 4,1.3745783,103.961761
118 SERANGOON NTH AVE 1,1.3676423,103.8708613
622A PUNGGOL CTRL,1.3998375,103.9107699
303B PUNGGOL CTRL,1.4042044,103.9053041
323 TAMPINES ST 33,1.3519015,103.958316
216 SERANGOON AVE 4,1.3575177,103.8731229
153 SERANGOON NTH AVE 1,1.3702222,103.8722858
113 WHAMPOA RD,1.3259371,103.8572923
172B EDGEDALE PLAINS,1.3958304,103.9119068
108C MCNAIR RD,1.3199055,103.8594434
139 BEDOK RESERVOIR RD,1.3345957,103.9137193
138C YUAN CHING RD,1.3284519,103.7238259
225A COMPASSVALE WALK,1.387611,103.8987139
173 ANG MO KIO AVE 4,1.3753976,103.8360724
989A JURONG WEST ST 93,1.3360032,103.6945744
656 JLN TENAGA,1.3338262,103.9075567
704 WEST COAST RD,1.30634,103.760552
351 WOODLANDS AVE 1,1.4321764,103.7843626
114 BT PURMEI RD,1.275194,103.8258403
547A SEGAR RD,1.3882214,103.7699056
83 MACPHERSON LANE,1.3316105,103.8854889
262B COMPASSVALE ST,1.3952696,103.8955041
14A TELOK BLANGAH CRES,1.2778656,103.8207883
961 HOUGANG AVE 9,1.3778122,103.8786085
892B WOODLANDS DR 50,1.4375755,103.7896142
714 WOODLANDS DR 70,1.4420886,103.7987371
162 SIMEI RD,1.3457439,103.9599479
460 TAMPINES ST 42,1.3583631,103.9549617
501 CHOA CHU KANG ST 51,1.3894906,103.7431041
138 PASIR RIS ST 11,1.3634044,103.9598345
120 SERANGOON NTH AVE 1,1.367276,103.8709533
623 WOODLANDS DR 52,1.4397444,103.7960454
473C UPP SERANGOON CRES,1.3764159,103.9015903
11 LOR 8 TOA PAYOH,1.3372245,103.8587537
203B PUNGGOL FIELD,1.3980971,103.9036825
424 SERANGOON CTRL,1.3481333,103.875571
157 MEI LING ST,1.2930056,103.8035591
118 PASIR RIS ST 11,1.3674794,103.9564799
923 HOUGANG AVE 9,1.376224,103.8828211
238 JURONG EAST ST 21,1.3407152,103.7405471
84 WHAMPOA DR,1.3233232,103.8570242
156 PASIR RIS ST 13,1.3640079,103.9630076
924 HOUGANG AVE 9,1.3763789,103.8820056
648 JLN TENAGA,1.3324115,103.905427
201 CHOA CHU KANG AVE 1,1.3821848,103.749687
190 PUNGGOL CTRL,1.3995193,103.9106105
786D WOODLANDS DR 60,1.4467543,103.8010235
336 TAMPINES ST 32,1.352623,103.9601965
708 WOODLANDS DR 70,1.4400237,103.7973109
513 ANG MO KIO AVE 8,1.3727497,103.8502032
501 BISHAN ST 11,1.3484878,103.8488
654 SENJA RD,1.3876981,103.7640826
123E RIVERVALE DR,1.3867447,103.9027848
347 BT BATOK ST 34,1.3621922,103.7512281
146 LOR 2 TOA PAYOH,1.3346564,103.8465287
235 SIMEI ST 4,1.3429704,103.9555283
563 ANG MO KIO AVE 3,1.3698464,103.8579939
125 HOUGANG AVE 1,1.3524122,103.8864497
891 TAMPINES AVE 8,1.3491673,103.9310802
111 PASIR RIS ST 11,1.3680406,103.956359
616 YISHUN RING RD,1.4196322,103.8349176
32 MARINE CRES,1.3031148,103.9117708
830 JURONG WEST ST 81,1.3453342,103.6934554
528 JURONG WEST ST 52,1.3483286,103.7170188
677 HOUGANG AVE 8,1.3712307,103.8840869
650 HOUGANG AVE 8,1.3721289,103.8814543
839 TAMPINES ST 83,1.3511809,103.9344976
124 BEDOK NTH RD,1.3292548,103.9390071
97 ALJUNIED CRES,1.3212574,103.8856755
298 YISHUN ST 20,1.4361479,103.8346548
214 BT BATOK ST 21,1.3475119,103.7527896
609 BEDOK RESERVOIR RD,1.3318329,103.9131117
526C PASIR RIS ST 51,1.3684202,103.9471564
126 HOUGANG AVE 1,1.3523271,103.8855366
574 PASIR RIS ST 53,1.3743788,103.9460777
407 SEMBAWANG DR,1.4533913,103.8169393
55 C'WEALTH DR,1.296245,103.799522
118 POTONG PASIR AVE 1,1.3355396,103.862645
428 PASIR RIS DR 6,1.3694101,103.9565028
273D JURONG WEST AVE 3,1.352327,103.7027856
123 PASIR RIS ST 11,1.3661844,103.9540325
571A WOODLANDS AVE 1,1.4302272,103.791063
590B MONTREAL LINK,1.4501003,103.8270738
265 YISHUN ST 22,1.4366846,103.8388803
77A REDHILL RD,1.288475,103.817419
572 ANG MO KIO AVE 3,1.3703091,103.8558394
685B JURONG WEST ST 64,1.3432111,103.7043694
244 TAMPINES ST 21,1.3537237,103.9471655
678D JURONG WEST ST 64,1.3449633,103.7034441
138 BISHAN ST 12,1.344068,103.8524096
653 HOUGANG AVE 8,1.3728597,103.8812722
547C SEGAR RD,1.38855,103.7687902
690 JURONG WEST CTRL 1,1.341366,103.7067673
8 CANTONMENT CL,1.2758904,103.8390656
431A YISHUN AVE 1,1.4197461,103.8474745
605 BEDOK RESERVOIR RD,1.3302793,103.9135381
244 PASIR RIS ST 21,1.3712463,103.9621253
461 SEGAR RD,1.3871652,103.7711477
103 TOWNER RD,1.3206725,103.8615925
266 BISHAN ST 24,1.3581349,103.8421728
109 RIVERVALE WALK,1.3833699,103.8995932
542 SERANGOON NTH AVE 4,1.3740076,103.8720392
360B ADMIRALTY DR,1.4486482,103.8152412
113 DEPOT RD,1.2814683,103.8072706
455 CHOA CHU KANG AVE 4,1.3793639,103.7352069
817 TAMPINES ST 81,1.3476359,103.936741
102 POTONG PASIR AVE 1,1.3336834,103.8687748
502 JELAPANG RD,1.3840167,103.766708
705 ANG MO KIO AVE 8,1.3705211,103.8474805
349 YISHUN AVE 11,1.4260164,103.8435905
987D JURONG WEST ST 93,1.3366579,103.6953889
476 TAMPINES ST 44,1.3609703,103.9533971
662C JURONG WEST ST 64,1.3374697,103.7040078
384 TAMPINES ST 32,1.3540135,103.9579416
191B RIVERVALE DR,1.3946581,103.9039108
893B WOODLANDS DR 50,1.4369314,103.7899085
980B BUANGKOK CRES,1.3795683,103.8809668
897 TAMPINES ST 81,1.3476507,103.934203
797 YISHUN RING RD,1.4193571,103.8334117
289 TAMPINES ST 22,1.3496134,103.955275
602 YISHUN ST 61,1.42247,103.8364895
336B ANCHORVALE CRES,1.3975255,103.8890931
14 TELOK BLANGAH CRES,1.2775026,103.8203355
263 BOON LAY DR,1.3452923,103.7067696
668C JURONG WEST ST 64,1.3414945,103.7035097
57 MARINE TER,1.3064945,103.9154413
212 MARSILING CRES,1.4462303,103.773
102 BT BATOK WEST AVE 6,1.3477138,103.7475197
897C WOODLANDS DR 50,1.4357838,103.7945038
138 EDGEDALE PLAINS,1.3933572,103.9097454
821 WOODLANDS ST 82,1.4408667,103.7900888
333 ANG MO KIO AVE 1,1.3613296,103.8517041
631 WOODLANDS RING RD,1.4354468,103.8015668
226 SERANGOON AVE 4,1.3568796,103.8708586
254 YISHUN RING RD,1.4346014,103.8405334
337B TAH CHING RD,1.3375295,103.7224461
215 BOON LAY PL,1.348723,103.7123168
812 JURONG WEST ST 81,1.3463619,103.6958889
195 RIVERVALE DR,1.3928543,103.9022263
856 TAMPINES ST 82,1.3527734,103.9406841
205A PUNGGOL FIELD,1.3986375,103.9023451
553 JURONG WEST ST 42,1.3532203,103.7190422
172A LOR 1 TOA PAYOH,1.3303182,103.8423244
154 JLN TECK WHYE,1.3796169,103.757812
22 DOVER CRES,1.3071078,103.7835704
202 JURONG EAST ST 21,1.3369468,103.7431494
791 CHOA CHU KANG NTH 6,1.3963312,103.7474905
557 CHOA CHU KANG NTH 6,1.3963312,103.7474905
263 JURONG EAST ST 24,1.3443925,103.7415478
333 BT BATOK ST 32,1.3641186,103.7476073
460 CHOA CHU KANG AVE 4,1.3778993,103.7349354
116 HOUGANG AVE 1,1.3531198,103.8877113
304A ANCHORVALE LINK,1.3879068,103.8889799
500 PASIR RIS ST 52,1.376168,103.9460415
500 SERANGOON NTH AVE 4,1.3702886,103.8716082
206 JURONG EAST ST 21,1.3377109,103.7419958
293 PUNGGOL CTRL,1.403091,103.904967
636 ANG MO KIO AVE 6,1.3812168,103.843317
30 TELOK BLANGAH RISE,1.2730052,103.8203758
196D PUNGGOL FIELD,1.399617,103.907241
119 SERANGOON NTH AVE 1,1.3676387,103.8714061
701 WOODLANDS DR 40,1.4417932,103.7960431
291 CHOA CHU KANG AVE 3,1.378659,103.7397975
617B PUNGGOL DR,1.4022474,103.9122996
25 MARSILING DR,1.441967,103.772454
44 BEDOK STH RD,1.3211225,103.9416348
238 BT PANJANG RING RD,1.3797191,103.770522
319C ANCHORVALE DR,1.3909375,103.8907468
420 SERANGOON CTRL,1.3491293,103.8751622
337 JURONG EAST AVE 1,1.3498561,103.7316804
232 HOUGANG AVE 1,1.3585337,103.8885268
171 BEDOK STH RD,1.3209095,103.9454011
656A JURONG WEST ST 61,1.3354624,103.6993698
44 MARINE CRES,1.3046796,103.9130849
352 ANG MO KIO ST 32,1.3642027,103.8513747
230 COMPASSVALE WALK,1.388785,103.9013943
432 JURONG WEST ST 42,1.3525323,103.7238032
144 TAMPINES ST 12,1.3483959,103.9436804
247 ANG MO KIO AVE 3,1.3679764,103.8341552
35 TEBAN GDNS RD,1.3196158,103.7424479
289B BT BATOK ST 25,1.3440104,103.7605157
756 PASIR RIS ST 71,1.377878,103.9335005
112 LOR 3 GEYLANG,1.3121509,103.873829
314 SERANGOON AVE 2,1.353038,103.865481
879 WOODLANDS ST 82,1.4449182,103.7922627
122 BT BATOK CTRL,1.351953,103.7470673
209 TOA PAYOH NTH,1.341845,103.8448174
531 WOODLANDS DR 14,1.4310239,103.7927834
191 BOON LAY DR,1.344179,103.7124931
135 YISHUN ST 11,1.4322513,103.8319059
107 BISHAN ST 12,1.3463946,103.8480291
761 BEDOK RESERVOIR VIEW,1.3362352,103.9339311
613 HOUGANG AVE 8,1.3693208,103.884993
206 MARSILING DR,1.4453471,103.7733621
106 YISHUN RING RD,1.431509,103.827332
152 YUNG HO RD,1.3274286,103.7202737
108 YISHUN RING RD,1.4323022,103.8290596
633D SENJA RD,1.3849256,103.7592096
546 BEDOK NTH ST 3,1.3307959,103.9255016
396 YISHUN AVE 6,1.4283979,103.8470554
84 TELOK BLANGAH HTS,1.2769561,103.8099886
2A GEYLANG SERAI,1.3167816,103.8976049
847 TAMPINES ST 83,1.3524767,103.9351094
543 JELAPANG RD,1.3824745,103.76406
109 BISHAN ST 12,1.3467612,103.8479386
278B COMPASSVALE BOW,1.38231,103.8905429
405 PASIR RIS DR 6,1.3738094,103.9555963
943 HOUGANG ST 92,1.3738891,103.880458
149 SIMEI ST 1,1.3459136,103.9559589
239 HOUGANG ST 22,1.3560334,103.8903391
116C RIVERVALE DR,1.3821261,103.9029576
888A TAMPINES ST 81,1.3504889,103.9308766
355 BT BATOK ST 31,1.361775,103.7505266
485B TAMPINES AVE 9,1.3598188,103.9564122
910 JURONG WEST ST 91,1.3418326,103.6859788
375 HOUGANG ST 31,1.3631081,103.8894794
173C PUNGGOL FIELD,1.3961374,103.9104076
277B COMPASSVALE LINK,1.382338,103.894509
457 YISHUN ST 41,1.420422,103.84555
7 MARINE TER,1.3038523,103.9171633
334A ANCHORVALE CRES,1.3979791,103.8898407
293A COMPASSVALE CRES,1.3964985,103.8961337
214 TAMPINES ST 23,1.3546929,103.9535338
223 ANG MO KIO AVE 1,1.3660809,103.8380651
315 BT BATOK ST 32,1.3599949,103.7467021
3 TECK WHYE AVE,1.3825242,103.7525406
75B REDHILL RD,1.2884747,103.8158793
539 BEDOK NTH ST 3,1.3315795,103.9247462
375 CLEMENTI AVE 4,1.318418,103.7666627
632 ANG MO KIO AVE 4,1.3799829,103.8414166
327 YISHUN RING RD,1.4301504,103.8424356
4A BOON TIONG RD,1.2868491,103.8324494
334 UBI AVE 1,1.3263879,103.9031162
164 BEDOK STH RD,1.3200746,103.9466203
51 SIMS DR,1.3163611,103.8789264
549 CHOA CHU KANG ST 52,1.3933503,103.7427807
601 BEDOK RESERVOIR RD,1.3299265,103.9112724
660 YISHUN AVE 4,1.4219282,103.8403296
816 JELLICOE RD,1.3070793,103.861135
166A TECK WHYE CRES,1.3832911,103.7530385
254 HOUGANG AVE 3,1.3603475,103.8914264
54 NEW UPP CHANGI RD,1.3249182,103.9425423
425 YISHUN AVE 11,1.4223901,103.8484832
335 SEMBAWANG CL,1.4471816,103.8149695
28 TANGLIN HALT RD,1.298553,103.7999411
919 HOUGANG AVE 4,1.3760647,103.8842681
407 HOUGANG AVE 10,1.373006,103.8953375
117 BEDOK RESERVOIR RD,1.3314046,103.9087348
350A CANBERRA RD,1.4504682,103.8206525
41 TANGLIN HALT RD,1.298079,103.798418
106 ANG MO KIO AVE 4,1.3719719,103.8375228
627 PASIR RIS DR 3,1.37958,103.940668
789 WOODLANDS AVE 6,1.4434424,103.8023818
7 BEDOK STH AVE 2,1.3227462,103.935404
365 CLEMENTI AVE 2,1.3122881,103.7699671
310 WOODLANDS ST 31,1.4300996,103.7759424
494 JURONG WEST ST 41,1.3496748,103.724983
428 ANG MO KIO AVE 3,1.3689848,103.8543783
297 BT BATOK ST 22,1.3450417,103.7472927
310C PUNGGOL WALK,1.4096731,103.8999638
506 WOODLANDS DR 14,1.4325428,103.7908985
127 RIVERVALE ST,1.390597,103.902208
698C HOUGANG ST 52,1.3753812,103.8883456
425 FAJAR RD,1.3859233,103.7694902
524 ANG MO KIO AVE 5,1.3734304,103.8530556
650A JURONG WEST ST 61,1.338001,103.6967291
690A WOODLANDS DR 75,1.4436256,103.8083586
336C YISHUN ST 31,1.4319543,103.8444058
102 TECK WHYE LANE,1.3769801,103.7541248
425 CLEMENTI AVE 1,1.3096465,103.7712346
668 HOUGANG AVE 8,1.373382,103.883408
504 WOODLANDS DR 14,1.4329409,103.7913346
299 YISHUN ST 20,1.436381,103.834464
832 HOUGANG CTRL,1.3706115,103.8897048
604 YISHUN ST 61,1.4223688,103.8357353
726 YISHUN ST 71,1.4266805,103.8310002
122C SENGKANG EAST WAY,1.3877303,103.9061973
121C CANBERRA ST,1.4473104,103.8342767
6 KIM TIAN RD,1.2840803,103.8273999
127 SIMEI ST 1,1.3466001,103.9543044
416 CLEMENTI AVE 1,1.3103778,103.7713251
338 JURONG EAST AVE 1,1.3503721,103.7311374
374 TAMPINES ST 34,1.3564571,103.95852
542 WOODLANDS DR 16,1.4277883,103.79387
20 HOUGANG AVE 3,1.3638665,103.8907921
345 KANG CHING RD,1.339796,103.721313
146 WOODLANDS ST 13,1.4360928,103.7740864
144 BT BATOK WEST AVE 6,1.3500517,103.7442276
150 RIVERVALE CRES,1.3924541,103.9060434
346 KANG CHING RD,1.3405985,103.7202959
23 JLN MEMBINA,1.2848343,103.8265621
244 BISHAN ST 22,1.3603901,103.8444045
509 BEDOK NTH ST 3,1.3338382,103.9308493
16 TOH YI DR,1.3394342,103.7724115
40 BEO CRES,1.2891435,103.8274678
101 RIVERVALE WALK,1.382678,103.899465
517 SERANGOON NTH AVE 4,1.3713086,103.8741392
231 SERANGOON AVE 3,1.354922,103.8683472
472 TAMPINES ST 44,1.3598359,103.9535112
21 CHAI CHEE RD,1.325822,103.9222289
181B BOON LAY DR,1.3488715,103.7084403
424 HOUGANG AVE 6,1.3746006,103.893352
429 CHOA CHU KANG AVE 4,1.3827992,103.7401172
46 BEDOK STH AVE 3,1.32243,103.9427236
612D PUNGGOL DR,1.4046284,103.907535
862 YISHUN AVE 4,1.4171663,103.8393332
653 WOODLANDS RING RD,1.4379596,103.7987597
142 PASIR RIS ST 11,1.3635388,103.9587693
253 TAMPINES ST 21,1.3530617,103.9477094
204C PUNGGOL FIELD,1.3981737,103.9031388
792 CHOA CHU KANG NTH 6,1.3963312,103.7474905
50 MOH GUAN TER,1.2837072,103.8301151
53 LENGKOK BAHRU,1.2888555,103.81343
149 BISHAN ST 11,1.3441529,103.8558197
910 TAMPINES ST 91,1.3498218,103.9384633
441A CLEMENTI AVE 3,1.3148395,103.764629
240 YISHUN RING RD,1.4326693,103.8394724
31 HOLLAND CL,1.3070686,103.7971071
704 HOUGANG AVE 2,1.3649731,103.8894329
551 PASIR RIS ST 51,1.3675658,103.953122
709 WOODLANDS DR 70,1.4403206,103.798122
521 SERANGOON NTH AVE 4,1.3734462,103.8733325
37 BEDOK STH AVE 2,1.3219414,103.9399096
540 JELAPANG RD,1.3833751,103.76363
601 ELIAS RD,1.377398,103.9433582
1C CANTONMENT RD,1.2774501,103.8415656
853 TAMPINES ST 83,1.3532819,103.9351094
778 WOODLANDS DR 60,1.447498,103.7994841
21 JLN MEMBINA,1.2851313,103.825747
703 CHOA CHU KANG ST 53,1.3913252,103.7459778
663A PUNGGOL DR,1.4004216,103.9175699
69 LOR 4 TOA PAYOH,1.3342033,103.8527218
209 SERANGOON CTRL,1.3544155,103.8743017
41 CIRCUIT RD,1.3272167,103.8861709
4 GHIM MOH RD,1.3132104,103.7881655
857 JURONG WEST ST 81,1.3482984,103.6967489
257 PASIR RIS ST 21,1.367097,103.9637556
337 SEMBAWANG CRES,1.4462234,103.8156035
32 HOLLAND CL,1.3070381,103.7960205
451 HOUGANG AVE 10,1.3788462,103.8959303
211 BT BATOK ST 21,1.3464092,103.7503854
686D CHOA CHU KANG CRES,1.4041467,103.748241
43 BEDOK STH RD,1.3215614,103.9416343
38 BEO CRES,1.2886331,103.8271961
170 GANGSA RD,1.3785952,103.7661648
105 BT BATOK CTRL,1.3486251,103.7471577
439 TAMPINES ST 43,1.360436,103.9510635
106C PUNGGOL FIELD,1.3973912,103.9075492
276 CHOA CHU KANG AVE 2,1.3796044,103.7441677
220 BT BATOK EAST AVE 3,1.3475159,103.7547106
637 WOODLANDS RING RD,1.4373501,103.8023818
45 TEBAN GDNS RD,1.3200627,103.7410902
869 TAMPINES ST 83,1.3546567,103.9334955
327 ANG MO KIO AVE 3,1.3670717,103.8469639
115 MARSILING RISE,1.4381433,103.7808315
125 BEDOK NTH RD,1.3288879,103.9391884
632 YISHUN ST 61,1.4184883,103.8390615
150A BISHAN ST 11,1.3447044,103.8554121
519 JELAPANG RD,1.387976,103.766105
475 ANG MO KIO AVE 10,1.362694,103.8566124
451B SENGKANG WEST WAY,1.3945086,103.8746667
321 UBI AVE 1,1.3284361,103.9046986
213 JURONG EAST ST 21,1.3390353,103.7397325
115B YISHUN RING RD,1.433284,103.8270295
123C RIVERVALE DR,1.3864596,103.9021432
288 BISHAN ST 24,1.3569571,103.8450399
301 UBI AVE 1,1.3307113,103.9020287
770 YISHUN AVE 3,1.4244403,103.832508
440 PASIR RIS DR 4,1.3677822,103.9582251
214 ANG MO KIO AVE 3,1.3674178,103.8411344
126 SIMEI ST 1,1.347063,103.9542031
807A CHAI CHEE RD,1.3271511,103.9231451
522C TAMPINES CTRL 7,1.357858,103.9395941
505 WOODLANDS DR 14,1.4321334,103.7911295
234 SERANGOON AVE 3,1.3548024,103.8695606
406B FERNVALE RD,1.3886388,103.8742736
221 PASIR RIS ST 21,1.3702694,103.9613611
865 YISHUN ST 81,1.414164,103.838518
355 KANG CHING RD,1.3391422,103.7209977
671 HOUGANG AVE 8,1.373137,103.883815
768 BEDOK RESERVOIR VIEW,1.3357025,103.9374662
228 YISHUN ST 21,1.4354455,103.8375217
535 BEDOK NTH ST 3,1.332783,103.9235076
339A SEMBAWANG CL,1.448333,103.817634
136 JLN BT MERAH,1.2784166,103.8276128
156 ANG MO KIO AVE 4,1.3753108,103.8406889
604 BEDOK RESERVOIR RD,1.3307947,103.9129943
107 WOODLANDS ST 13,1.437327,103.7822802
832 WOODLANDS ST 83,1.4396238,103.7909231
269B COMPASSVALE LINK,1.3836879,103.8955384
779 YISHUN AVE 2,1.4223948,103.8335509
36 BEO CRES,1.2883406,103.8271961
476 PASIR RIS DR 6,1.3752438,103.9582605
649 PUNGGOL CTRL,1.3974258,103.9147162
633 JURONG WEST ST 65,1.3434967,103.6992569
762 CHOA CHU KANG NTH 5,1.3924096,103.748603
259C PUNGGOL FIELD,1.4041931,103.8956627
519D TAMPINES CTRL 8,1.3561837,103.9396416
512 HOUGANG AVE 10,1.3713483,103.8889799
416 CANBERRA RD,1.4518368,103.818977
516 CHOA CHU KANG ST 51,1.3907925,103.743356
101 YISHUN AVE 5,1.4309556,103.8278301
173 YISHUN AVE 7,1.4370215,103.8309359
98 ALJUNIED CRES,1.3208159,103.8856777
187 BT BATOK WEST AVE 6,1.346558,103.7447135
95 ALJUNIED CRES,1.3213403,103.8863806
652 WOODLANDS RING RD,1.4378811,103.7995747
133 BT BATOK WEST AVE 6,1.3516082,103.7449858
716 ANG MO KIO AVE 6,1.3714565,103.8458551
7 TOH YI DR,1.3373757,103.7750375
105 GANGSA RD,1.3782744,103.7677264
75 C'WEALTH DR,1.296245,103.799522
260 JURONG EAST ST 24,1.3437273,103.740187
209 BISHAN ST 23,1.3553995,103.8487352
129 RIVERVALE ST,1.389918,103.902593
513 JELAPANG RD,1.3881165,103.7677038
357 YISHUN RING RD,1.4263682,103.8460363
511B YISHUN ST 51,1.4155201,103.841959
130 CHOA CHU KANG AVE 1,1.3815471,103.7504134
48A DORSET RD,1.3146173,103.8510688
320 JURONG EAST ST 31,1.348248,103.7310467
441D FERNVALE RD,1.3922388,103.8754529
725 ANG MO KIO AVE 6,1.3727691,103.846941
15 UPP BOON KENG RD,1.3159783,103.8713795
366 TAMPINES ST 34,1.3575931,103.9613984
119 PENDING RD,1.3766723,103.7690618
987C BUANGKOK GREEN,1.3794187,103.8777675
618D PUNGGOL DR,1.401831,103.91148
893A TAMPINES AVE 8,1.3482385,103.9306906
386 BT BATOK WEST AVE 5,1.3639067,103.7525406
452 CHOA CHU KANG AVE 4,1.3803564,103.7351749
894C WOODLANDS DR 50,1.4356372,103.7903614
10 GHIM MOH RD,1.31031,103.7895931
126 POTONG PASIR AVE 1,1.3349664,103.8652188
25 SIN MING RD,1.3548142,103.8387831
310C ANG MO KIO AVE 1,1.3651507,103.8446342
713 WOODLANDS DR 70,1.4419289,103.7978542
106 JLN RAJAH,1.328536,103.8547383
352 YISHUN RING RD,1.4265211,103.8450399
116 BEDOK RESERVOIR RD,1.3311124,103.9086442
196 BISHAN ST 13,1.3480629,103.8507467
153 BISHAN ST 13,1.346134,103.855095
270 YISHUN ST 22,1.4374117,103.8399673
155 SIMEI RD,1.3447278,103.9584973
249 TAMPINES ST 21,1.3518862,103.9484346
148 PASIR RIS ST 13,1.3620739,103.961965
846 WOODLANDS AVE 4,1.4435158,103.7934851
324 BT BATOK ST 33,1.3622112,103.7479694
278 BT BATOK EAST AVE 3,1.3478202,103.7578451
5 JLN BATU,1.3015386,103.883942
766 CHOA CHU KANG NTH 5,1.3935577,103.7497571
28B DOVER CRES,1.3053608,103.7819402
217B SUMANG WALK,1.4023824,103.895051
219 SERANGOON AVE 4,1.3583317,103.8721297
800 YISHUN RING RD,1.4186036,103.8321776
941 TAMPINES AVE 5,1.3494431,103.9406388
278 CHOA CHU KANG AVE 3,1.3800625,103.7434537
314 ANG MO KIO AVE 3,1.3662324,103.8496533
176B EDGEFIELD PLAINS,1.3982889,103.9084825
15 TELOK BLANGAH CRES,1.2771169,103.8206751
742 YISHUN AVE 5,1.429676,103.8330834
506B SERANGOON NTH AVE 4,1.3702886,103.8716082
87 C'WEALTH CL,1.352083,103.819836
68 TELOK BLANGAH HTS,1.2753539,103.8099914
261 BOON LAY DR,1.3456701,103.7079687
702 JURONG WEST ST 71,1.3424105,103.6957023
871 TAMPINES ST 84,1.3544681,103.9325714
310B ANG MO KIO AVE 1,1.3647262,103.8442246
705 CLEMENTI WEST ST 2,1.3057551,103.7604615
266 YISHUN ST 22,1.4369938,103.8387094
765 PASIR RIS ST 71,1.3768083,103.9347695
103 HENDERSON CRES,1.2898163,103.8215129
8 TOH YI DR,1.3380071,103.7739372
192 BISHAN ST 13,1.348991,103.851182
267 TOH GUAN RD,1.3410576,103.7447108
248 TAMPINES ST 21,1.3521019,103.9472691
320 ANG MO KIO AVE 1,1.3655809,103.8483908
117 SIMEI ST 1,1.3446047,103.9513563
438B SENGKANG WEST AVE,1.3927894,103.8777034
325 SEMBAWANG CRES,1.4444619,103.8185242
129 CLARENCE LANE,1.2932198,103.8144035
117C RIVERVALE DR,1.383378,103.903215
406 CHOA CHU KANG AVE 3,1.3804327,103.7404566
167 YISHUN RING RD,1.4366515,103.8323588
655 JLN TENAGA,1.333363,103.9068685
70 LOR 4 TOA PAYOH,1.3346601,103.8522881
365 CORPORATION DR,1.3392367,103.7205991
651 WOODLANDS RING RD,1.4383204,103.7997558
909 JURONG WEST ST 91,1.3413182,103.6862503
402 HOUGANG AVE 10,1.3745264,103.8965915
384 BT BATOK WEST AVE 5,1.3628829,103.7521786
133 CASHEW RD,1.3743215,103.7699671
754 WOODLANDS CIRCLE,1.445476,103.794051
604 CHOA CHU KANG ST 62,1.3981521,103.7448918
877 YISHUN ST 81,1.4138888,103.8355289
210 TAMPINES ST 23,1.3540482,103.9542364
34 CASSIA CRES,1.3095876,103.8845353
71 BEDOK STH RD,1.3204181,103.9427743
334 ANG MO KIO AVE 1,1.3637714,103.8508826
336 JURONG EAST AVE 1,1.3505908,103.7313185
671B EDGEFIELD PLAINS,1.4063871,103.9116349
630 PASIR RIS DR 3,1.3783058,103.9411576
103 GANGSA RD,1.3787279,103.7685186
889B WOODLANDS DR 50,1.4376218,103.7930946
347B YISHUN AVE 11,1.4276035,103.8422525
318 TAMPINES ST 33,1.3516225,103.9559589
625 CHOA CHU KANG ST 62,1.3986403,103.7460459
80A TELOK BLANGAH ST 31,1.2736125,103.806547
678A PUNGGOL DR,1.4056485,103.9085595
417 CANBERRA RD,1.4519805,103.8194751
264 YISHUN ST 22,1.4355878,103.8382463
119 SIMEI ST 1,1.3438714,103.9520241
286 BISHAN ST 24,1.3584283,103.8439529
189B RIVERVALE DR,1.3957944,103.903543
613 ANG MO KIO AVE 4,1.3786753,103.8394238
121B RIVERVALE DR,1.3864928,103.904838
350B CANBERRA RD,1.4499902,103.8207883
310 SHUNFU RD,1.350856,103.8386272
12 JLN BT MERAH,1.2874551,103.8070691
414 HOUGANG AVE 10,1.375043,103.8959572
815B CHOA CHU KANG AVE 7,1.3768366,103.747108
3 BEACH RD,1.2951327,103.8551409
417 FAJAR RD,1.3840087,103.7680659
713 CLEMENTI WEST ST 2,1.3040621,103.762272
226 YISHUN ST 21,1.4346087,103.8361277
681C WOODLANDS DR 62,1.4398411,103.8031063
404 PANDAN GDNS,1.3198704,103.7492367
328 SERANGOON AVE 3,1.3502847,103.8683299
163 TAMPINES ST 12,1.3494776,103.9472561
725 JURONG WEST AVE 5,1.3455083,103.6978341
446 PASIR RIS DR 6,1.3704673,103.9572734
449 HOUGANG AVE 10,1.3788331,103.8951804
310A PUNGGOL WALK,1.4090018,103.9012826
322 SEMBAWANG CL,1.4455997,103.8184968
235 HOUGANG ST 21,1.3574353,103.8885268
357 WOODLANDS AVE 5,1.4331299,103.7844532
166 TAMPINES ST 12,1.3488236,103.9464403
385 TAMPINES ST 32,1.3546189,103.9587965
732 YISHUN AVE 5,1.429086,103.830239
689 HOUGANG ST 61,1.37657,103.8855366
454 JURONG WEST ST 42,1.3509625,103.7176526
606 ELIAS RD,1.3768323,103.9426569
346 ANG MO KIO AVE 3,1.3671351,103.8497283
682 RACE COURSE RD,1.3145844,103.8559111
924 TAMPINES ST 91,1.3466622,103.9405481
4 TECK WHYE AVE,1.3818992,103.7528575
270 BANGKIT RD,1.3770833,103.7739506
188D RIVERVALE DR,1.3950105,103.903836
766 YISHUN AVE 3,1.4247246,103.833779
133 BISHAN ST 12,1.3454944,103.8517432
978C BUANGKOK CRES,1.3800486,103.8788289
422 HOUGANG AVE 6,1.3747817,103.8940945
205C COMPASSVALE LANE,1.3861215,103.8964783
382 TAMPINES ST 32,1.3541685,103.9586786
501 PASIR RIS ST 52,1.3762288,103.9459643
158D RIVERVALE CRES,1.3885019,103.907337
854 YISHUN RING RD,1.4166093,103.8374537
701 PASIR RIS DR 10,1.379976,103.9378967
878B TAMPINES AVE 8,1.3509105,103.9291329
162 TAMPINES ST 12,1.3499173,103.9471655
139 RIVERVALE ST,1.388512,103.9041583
257A COMPASSVALE RD,1.3925464,103.8974071
555 CHOA CHU KANG NTH 6,1.3962727,103.7436159
188A RIVERVALE DR,1.3943066,103.9050739
422 SERANGOON CTRL,1.3488685,103.8759323
12 LOR 7 TOA PAYOH,1.3366634,103.8578384
672B CHOA CHU KANG CRES,1.4018798,103.7470642
36 EUNOS CRES,1.3211284,103.9016662
1 CHAI CHEE RD,1.3280238,103.9225974
515 BEDOK NTH AVE 2,1.3304457,103.9295549
626 CHOA CHU KANG ST 62,1.3983667,103.745797
132 ANG MO KIO AVE 3,1.3714067,103.8418695
301 WOODLANDS ST 31,1.4316695,103.77328
801 WOODLANDS ST 81,1.4419265,103.7863546
130 ANG MO KIO AVE 3,1.3703816,103.8417789
221C BEDOK CTRL,1.3250199,103.9341603
204 SERANGOON CTRL,1.3524757,103.873228
177 BT BATOK WEST AVE 8,1.346356,103.7416359
7 HAIG RD,1.3137968,103.8969039
456 HOUGANG AVE 10,1.3771679,103.895429
292A COMPASSVALE ST,1.3960298,103.899103
560 ANG MO KIO AVE 10,1.3707919,103.8591716
30 JLN KLINIK,1.287684,103.8282883
447 JURONG WEST ST 42,1.3525168,103.720138
271 YISHUN ST 22,1.4378677,103.8403975
349 TAMPINES ST 33,1.3529384,103.9624947
19 HOUGANG AVE 3,1.3638607,103.8917889
119 BISHAN ST 12,1.347259,103.850475
432A YISHUN AVE 1,1.4195399,103.8470327
838 HOUGANG CTRL,1.369943,103.8918009
931 JURONG WEST ST 92,1.3416644,103.6897789
22 TIONG BAHRU RD,1.2857016,103.8317021
512 WEST COAST DR,1.310001,103.7601899
625 JURONG WEST ST 61,1.3414107,103.6989402
211 CHOA CHU KANG CTRL,1.3820462,103.7479302
257 YISHUN RING RD,1.4345711,103.8394917
446B JLN KAYU,1.3918037,103.8733041
657 CHOA CHU KANG CRES,1.4004699,103.7497798
557 PASIR RIS ST 51,1.3669456,103.952242
298 BT BATOK ST 22,1.3447134,103.7470664
971 HOUGANG ST 91,1.3782168,103.8796471
137 SERANGOON NTH AVE 2,1.3672981,103.8742723
698 HOUGANG ST 61,1.3751515,103.8869184
445 YISHUN AVE 11,1.4232081,103.844655
21 LIM LIAK ST,1.2854614,103.8321776
18 HOUGANG AVE 3,1.363201,103.8918795
6 EVERTON PK,1.2767244,103.8384788
458 JURONG WEST ST 41,1.3502234,103.7200371
1 TELOK BLANGAH CRES,1.2795459,103.8179657
151 PASIR RIS ST 13,1.3628588,103.9625629
333C YISHUN ST 31,1.4314732,103.8450316
529 HOUGANG AVE 6,1.375587,103.8907015
659 WOODLANDS RING RD,1.4361964,103.7990313
422 CHOA CHU KANG AVE 4,1.3823357,103.7409997
338 ANG MO KIO AVE 1,1.363547,103.84855
290 TAMPINES ST 22,1.3498738,103.9545991
245 YISHUN AVE 9,1.4343913,103.8418695
534 PASIR RIS DR 1,1.3703412,103.9507689
267 BISHAN ST 24,1.3574805,103.8429627
984D BUANGKOK LINK,1.3824965,103.8807797
715 PASIR RIS ST 72,1.3825885,103.9380063
63A LENGKOK BAHRU,1.2897487,103.8154149
738 TAMPINES ST 72,1.3591474,103.9336591
606 JURONG WEST ST 65,1.3380209,103.6991021
296 CHOA CHU KANG AVE 2,1.3773293,103.740549
107 JLN RAJAH,1.3279799,103.855095
769 YISHUN AVE 3,1.4247591,103.8332645
362 YUNG AN RD,1.3363953,103.7198577
179 BT BATOK WEST AVE 8,1.3457669,103.7421789
121 KIM TIAN PL,1.2827761,103.8285547
106A DEPOT RD,1.2806767,103.8110816
9A BOON TIONG RD,1.2869971,103.8286438
334C YISHUN ST 31,1.4326242,103.8454922
426 WOODLANDS ST 41,1.4273268,103.7733169
9 SELEGIE RD,1.3034202,103.8509279
153 RIVERVALE CRES,1.3915387,103.9065598
101B LOR 2 TOA PAYOH,1.3405638,103.8474298
542 BT BATOK ST 52,1.3536918,103.7514091
33 BALAM RD,1.3297825,103.8861283
170C PUNGGOL FIELD,1.3930943,103.914529
66 TELOK BLANGAH DR,1.2741796,103.809717
658D JURONG WEST ST 65,1.3372499,103.7007729
226 BISHAN ST 23,1.3583374,103.8474242
870 YISHUN ST 81,1.4148317,103.8378176
103 AH HOOD RD,1.3276074,103.8448987
332B ANCHORVALE LINK,1.3953792,103.8914086
167C PUNGGOL EAST,1.394384,103.91476
457 CLEMENTI AVE 3,1.311791,103.7672512
244 SIMEI ST 5,1.343836,103.9545537
225 YISHUN ST 21,1.4349413,103.8359818
306 SERANGOON AVE 2,1.3541933,103.8668722
288F BT BATOK ST 25,1.3454177,103.7583365
656 WOODLANDS RING RD,1.4370026,103.7992125
33 JLN BAHAGIA,1.3266618,103.8584225
719 BEDOK RESERVOIR RD,1.3365071,103.9248671
626 BT BATOK CTRL,1.3517286,103.7489685
267B PUNGGOL FIELD,1.404437,103.898043
635A SENJA RD,1.3867852,103.7572931
38 DOVER RD,1.2987715,103.7821318
687C CHOA CHU KANG DR,1.4037145,103.7513463
315 WOODLANDS ST 31,1.4314949,103.7758524
103 TECK WHYE LANE,1.3771841,103.7535101
356 HOUGANG AVE 7,1.3726089,103.8987664
20 ST. GEORGE'S RD,1.3242911,103.8634975
141 RIVERVALE ST,1.389408,103.9041155
332 TAH CHING RD,1.3386352,103.7238082
607 YISHUN ST 61,1.4214046,103.8356775
209 ANG MO KIO AVE 3,1.3689829,103.8432287
677A JURONG WEST ST 64,1.3455916,103.7049906
231 HOUGANG ST 21,1.3583172,103.8879831
495 JURONG WEST ST 41,1.3497451,103.7243462
646 JURONG WEST ST 61,1.3394992,103.6969269
344 WOODLANDS ST 32,1.4321026,103.780482
261C PUNGGOL WAY,1.4055992,103.8965009
122 BISHAN ST 12,1.3468208,103.850664
789 YISHUN AVE 2,1.4207915,103.8342609
336D ANCHORVALE CRES,1.3979889,103.8882097
709 JURONG WEST ST 71,1.3426084,103.6944612
723 YISHUN ST 71,1.426015,103.82975
490D CHOA CHU KANG AVE 5,1.3755294,103.7400303
112 BT BATOK WEST AVE 6,1.3483128,103.7452569
23A QUEEN'S CL,1.2944348,103.7997331
308 YISHUN RING RD,1.4313361,103.8405334
852 HOUGANG CTRL,1.3696344,103.8938
350 UBI AVE 1,1.3258861,103.9013037
520 WEST COAST RD,1.30715,103.7596467
117 SERANGOON NTH AVE 1,1.3679354,103.8706782
501 TAMPINES CTRL 1,1.3545857,103.9460517
217 JURONG EAST ST 21,1.3399972,103.7380128
815 JELLICOE RD,1.3069476,103.8615301
243 SERANGOON AVE 2,1.3529374,103.8687748
311C CLEMENTI AVE 4,1.3199163,103.7657374
639 BT BATOK CTRL,1.3493051,103.7519411
21 HAIG RD,1.3131265,103.895141
503 HOUGANG AVE 8,1.3736908,103.8876369
510 PASIR RIS ST 52,1.3757795,103.9445366
356 WOODLANDS AVE 5,1.4334207,103.7849059
160 WOODLANDS ST 13,1.4333367,103.7746749
894D WOODLANDS DR 50,1.4356372,103.7903614
129 BEDOK RESERVOIR RD,1.334036,103.912218
620 JURONG WEST ST 65,1.3414658,103.6993383
588B ANG MO KIO ST 52,1.3720186,103.8530341
525B PASIR RIS ST 51,1.3696258,103.9473084
98 C'WEALTH CRES,1.352083,103.819836
840 YISHUN ST 81,1.415514,103.8336268
279 TAMPINES ST 22,1.3463433,103.9512902
9 PINE CL,1.3094476,103.882367
667D JURONG WEST ST 65,1.3417765,103.7022203
423 BEDOK NTH AVE 1,1.3280035,103.9275863
432 BT PANJANG RING RD,1.3862441,103.7711223
161 HOUGANG ST 11,1.3525248,103.8787115
223 JURONG EAST ST 21,1.341052,103.7360894
303A ANCHORVALE LINK,1.3870774,103.890966
301B ANCHORVALE DR,1.3895257,103.8911803
261C SENGKANG EAST WAY,1.3933684,103.8947792
9 MARSILING DR,1.4412532,103.7764856
114 WHAMPOA RD,1.3255328,103.8576094
953 HOUGANG AVE 9,1.3766178,103.8773818
442B FAJAR RD,1.3815413,103.7714141
518 PASIR RIS ST 52,1.3744799,103.9444686
260B SENGKANG EAST WAY,1.3936952,103.8952776
602B PUNGGOL CTRL,1.4030393,103.9069255
289G BT BATOK ST 25,1.3450115,103.7589247
278C COMPASSVALE BOW,1.382766,103.8908827
362 YISHUN RING RD,1.4285435,103.8450633
156 RIVERVALE CRES,1.391289,103.9073785
204 CLEMENTI AVE 6,1.3209809,103.7632452
664C JURONG WEST ST 64,1.338218,103.7031693
119D KIM TIAN RD,1.2820147,103.8279629
751 WOODLANDS CIRCLE,1.4451078,103.7942321
823 JURONG WEST ST 81,1.3467006,103.6943056
14 JOO SENG RD,1.33583,103.879775
539 SERANGOON NTH AVE 4,1.3749606,103.8719486
96 BEDOK NTH AVE 4,1.3331979,103.9403668
34 UPP CROSS ST,1.2861551,103.8422545
237 TAMPINES ST 21,1.3555538,103.9471655
19 REDHILL CL,1.2861074,103.8177997
302C ANCHORVALE LINK,1.3881736,103.8903164
28 JLN BAHAGIA,1.3258177,103.8588772
417 BT BATOK WEST AVE 4,1.3628802,103.7463401
136 BT BATOK WEST AVE 6,1.3508789,103.7448952
795 WOODLANDS DR 72,1.4429185,103.8040118
317 ANG MO KIO ST 31,1.3656628,103.8469428
30 MARSILING DR,1.4425639,103.7722757
211B COMPASSVALE LANE,1.385284,103.8986758
322A JURONG EAST ST 31,1.3477456,103.7292363
249 CHOA CHU KANG AVE 2,1.3790054,103.7446257
760 CHOA CHU KANG NTH 5,1.393151,103.7472453
33 EUNOS CRES,1.3202551,103.9007603
758 CHOA CHU KANG NTH 5,1.3933224,103.7461817
514 BEDOK NTH AVE 2,1.332232,103.9289295
153 MEI LING ST,1.2938127,103.8031063
589C MONTREAL DR,1.4498735,103.824796
612 BEDOK RESERVOIR RD,1.331648,103.915742
101 SIMEI ST 1,1.3411804,103.9518794
581 PASIR RIS ST 53,1.3748972,103.9465907
671B KLANG LANE,1.309293,103.85259
729 YISHUN ST 71,1.4259435,103.8315436
235 BT PANJANG RING RD,1.3784626,103.7711666
47 TELOK BLANGAH DR,1.2721363,103.8101702
11 MARSILING DR,1.4403628,103.7780248
146 TAMPINES AVE 5,1.3481278,103.9424423
2C GEYLANG SERAI,1.3174617,103.8980952
435 JURONG WEST ST 42,1.352167,103.7236222
637 BEDOK RESERVOIR RD,1.3311947,103.9038638
394 BT BATOK WEST AVE 5,1.3647873,103.7513806
301D PUNGGOL PL,1.4045235,103.9053718
195 BISHAN ST 13,1.3483366,103.8509053
524B TAMPINES CTRL 7,1.35897,103.9389165
317 UBI AVE 1,1.3286762,103.9028216
148 BEDOK RESERVOIR RD,1.3353932,103.9118388
130 KIM TIAN RD,1.2805035,103.8292858
931 HOUGANG ST 91,1.3755921,103.8805758
312 TAMPINES ST 33,1.3527868,103.9571374
150 BT BATOK ST 11,1.3473029,103.7439677
238 SERANGOON AVE 2,1.3535216,103.8690466
310 CLEMENTI AVE 4,1.3201778,103.7661195
2 TOH YI DR,1.3391985,103.7752181
369 WOODLANDS AVE 1,1.4335215,103.7879278
507 JURONG WEST ST 52,1.3492,103.7183764
856C TAMPINES ST 82,1.3529026,103.9373755
355 TAMPINES ST 33,1.3550299,103.9615797
410A FERNVALE RD,1.3902869,103.8759147
27A JLN MEMBINA,1.2822477,103.8246369
133 SIMEI ST 1,1.3472169,103.9558738
469 PASIR RIS DR 6,1.3738708,103.9575907
942 HOUGANG ST 92,1.3733028,103.8804601
536 BEDOK NTH ST 3,1.3334447,103.9229638
602 BEDOK RESERVOIR RD,1.3293395,103.9115443
2 CHAI CHEE RD,1.3269352,103.9225106
276 TAMPINES ST 22,1.3474818,103.9506103
204 TAMPINES ST 21,1.3522077,103.9516691
509 SERANGOON NTH AVE 4,1.3702886,103.8716082
3 QUEEN'S RD,1.322839,103.8116074
42 CAMBRIDGE RD,1.3158636,103.8496597
570C WOODLANDS AVE 1,1.431689,103.7899991
112 RIVERVALE WALK,1.3836921,103.9014397
406 PASIR RIS DR 6,1.3738602,103.9553886
674B JURONG WEST ST 65,1.3451176,103.7020869
301B PUNGGOL CTRL,1.4043575,103.9058638
187 PUNGGOL CTRL,1.3990279,103.9113886
116 PASIR RIS ST 11,1.3686896,103.9545084
684A CHOA CHU KANG CRES,1.4040662,103.7468913
331 WOODLANDS AVE 1,1.4294219,103.7787491
416 JURONG WEST ST 42,1.3525021,103.7258622
401 FAJAR RD,1.3805595,103.7686997
46 OWEN RD,1.3151904,103.8508412
514 BT BATOK ST 52,1.3545101,103.7524275
329 SEMBAWANG CL,1.4462634,103.8176511
265C PUNGGOL WAY,1.4049981,103.8986475
441 FAJAR RD,1.3834691,103.7705222
124 YISHUN ST 11,1.4343822,103.831453
742 WOODLANDS CIRCLE,1.4439226,103.7959526
184 BT BATOK WEST AVE 8,1.3463435,103.7438082
17A TELOK BLANGAH CRES,1.2773322,103.8213997
191 PUNGGOL CTRL,1.3997809,103.9098623
782 PASIR RIS ST 71,1.3733778,103.9388938
79 C'WEALTH DR,1.296245,103.799522
154 SERANGOON NTH AVE 1,1.3697949,103.8735377
120 MCNAIR RD,1.3193162,103.8569294
159 YISHUN ST 11,1.432825,103.8340797
8 LOR LEW LIAN,1.3488659,103.8767421
144 YISHUN ST 11,1.4310488,103.8313972
893D WOODLANDS DR 50,1.4364728,103.7898859
413 PANDAN GDNS,1.3195115,103.7479694
57 TELOK BLANGAH HTS,1.2746029,103.8125244
394 TAMPINES AVE 7,1.3564568,103.9544935
620 WOODLANDS DR 52,1.4336298,103.7986691
287 BISHAN ST 24,1.3579343,103.8438849
216 LOR 8 TOA PAYOH,1.3424785,103.8541891
808A CHOA CHU KANG AVE 1,1.3749934,103.7460459
319 WOODLANDS ST 31,1.4314896,103.7773365
271 BT BATOK EAST AVE 4,1.3482544,103.7585861
475B UPP SERANGOON CRES,1.3762148,103.9000675
133 GEYLANG EAST AVE 1,1.3164471,103.8854687
491G TAMPINES ST 45,1.3634726,103.9544857
711 YISHUN AVE 5,1.4280713,103.8270581
250C COMPASSVALE ST,1.3927885,103.8998085
492D TAMPINES ST 45,1.363441,103.9537173
711 PASIR RIS ST 72,1.3818437,103.937942
212 PETIR RD,1.374477,103.775674
120 YISHUN RING RD,1.4348902,103.8293925
407 TAMPINES ST 41,1.3582022,103.9449899
571B WOODLANDS AVE 1,1.4300801,103.7906115
674 CHOA CHU KANG CRES,1.4015869,103.7469737
101 WHAMPOA DR,1.3205232,103.8538246
17 LOR 7 TOA PAYOH,1.3363898,103.8563633
266C PUNGGOL WAY,1.4050971,103.8977016
213 BISHAN ST 23,1.3571573,103.8483915
213A COMPASSVALE LANE,1.3858979,103.900171
324A SENGKANG EAST WAY,1.393476,103.892043
339 WOODLANDS AVE 1,1.4310193,103.7815558
216 TAMPINES ST 23,1.3540562,103.9528766
629 BEDOK RESERVOIR RD,1.3345915,103.9144444
611 BEDOK RESERVOIR RD,1.331039,103.9150335
740 WOODLANDS CIRCLE,1.444655,103.7962242
131B KIM TIAN RD,1.280926,103.828383
252 KIM KEAT LINK,1.331238,103.857235
409 SERANGOON CTRL,1.3477218,103.8742003
523 WOODLANDS DR 14,1.4332178,103.794051
808D CHOA CHU KANG AVE 1,1.3748844,103.7454827
447B JLN KAYU,1.3925525,103.8732267
243 TAMPINES ST 21,1.354673,103.947203
438 CHOA CHU KANG AVE 4,1.384161,103.739702
131 BEDOK RESERVOIR RD,1.3331446,103.9115443
859 JURONG WEST ST 81,1.3491013,103.6961125
322B ANCHORVALE DR,1.3914077,103.8918758
415B FERNVALE LINK,1.3889672,103.8801681
334 KANG CHING RD,1.3393703,103.7227398
403 JURONG WEST ST 42,1.3538264,103.7214044
720 BEDOK RESERVOIR RD,1.3359217,103.9248671
514 JURONG WEST ST 52,1.3469902,103.7204574
640 ROWELL RD,1.3074361,103.8550259
272D SENGKANG CTRL,1.3839165,103.8933296
67 MARINE DR,1.3043334,103.9096411
918 JURONG WEST ST 91,1.3406355,103.6871324
704 TAMPINES ST 71,1.3566373,103.9371942
26B JLN MEMBINA,1.2830191,103.8254576
285D TOH GUAN RD,1.3380186,103.7458427
431 BT PANJANG RING RD,1.3861931,103.7706008
204 JURONG EAST ST 21,1.3373467,103.7416337
18 JLN TENTERAM,1.3279513,103.8600771
672 JLN DAMAI,1.3320621,103.9089161
1 BEACH RD,1.3034881,103.8645209
249 BISHAN ST 22,1.3612855,103.8438623
127A KIM TIAN RD,1.282039,103.8296416
747 PASIR RIS ST 71,1.3792261,103.9346789
636 WOODLANDS RING RD,1.4369465,103.8027487
715 YISHUN ST 71,1.4268343,103.8270731
84A LOR 2 TOA PAYOH,1.3353454,103.8470327
146 BISHAN ST 11,1.3438499,103.8543203
314A PUNGGOL WAY,1.4082767,103.8979663
47 BENDEMEER RD,1.3232332,103.8666938
223D COMPASSVALE WALK,1.3893208,103.8975883
412 SEMBAWANG DR,1.45191,103.818252
907 TAMPINES AVE 4,1.3506585,103.9393244
565 ANG MO KIO AVE 3,1.3696013,103.8583708
487C TAMPINES ST 45,1.3608247,103.9578487
205 PETIR RD,1.373364,103.7738827
74 MARINE DR,1.3036338,103.9072622
44 CIRCUIT RD,1.3266374,103.8862337
546C SEGAR RD,1.3893651,103.7693106
245 SERANGOON AVE 2,1.3524077,103.8691607
296A CHOA CHU KANG AVE 2,1.3774069,103.7407508
236 HOUGANG AVE 1,1.3577993,103.8888893
806 KING GEORGE'S AVE,1.3085391,103.8611067
423 FAJAR RD,1.3855419,103.7691523
297B CHOA CHU KANG AVE 2,1.3774121,103.742991
160 YISHUN ST 11,1.4332126,103.8336948
31 TAMAN HO SWEE,1.288562,103.8317129
195D PUNGGOL RD,1.401523,103.906977
114 RIVERVALE WALK,1.3841703,103.9011225
427 TAMPINES ST 41,1.3595724,103.9485252
112 HO CHING RD,1.3339277,103.7237119
712 TAMPINES ST 71,1.3590539,103.9371036
562 ANG MO KIO AVE 3,1.3701881,103.8590584
271D PUNGGOL WALK,1.4034933,103.9008293
532 HOUGANG AVE 6,1.3760302,103.8909898
129 GEYLANG EAST AVE 2,1.3169072,103.888187
608 JURONG WEST ST 65,1.3379357,103.7001028
525 WOODLANDS DR 14,1.4324161,103.7931456
691 HOUGANG ST 61,1.3766374,103.8865333
903 TAMPINES AVE 4,1.3509856,103.9397323
1 EAST COAST RD,1.3117001,103.9229924
7 TG PAGAR PLAZA,1.2770566,103.8431952
632A PUNGGOL DR,1.4006238,103.9133334
222 SERANGOON AVE 4,1.3585568,103.8714062
111 LOR 3 GEYLANG,1.3122634,103.8740653
688C WOODLANDS DR 75,1.4434121,103.8072719
147 SERANGOON NTH AVE 1,1.3685077,103.87267
946 TAMPINES AVE 4,1.3514,103.9397879
604 SENJA RD,1.3810362,103.7624531
5 TEBAN GDNS RD,1.3207037,103.7442582
845 JURONG WEST ST 81,1.3453399,103.6924896
18 MARINE TER,1.3032478,103.9141272
794 WOODLANDS DR 72,1.4426282,103.8034685
411 C'WEALTH AVE WEST,1.3024191,103.7983862
324D SENGKANG EAST WAY,1.3926233,103.8912897
28 GHIM MOH LINK,1.3088929,103.7849285
736 WOODLANDS CIRCLE,1.4426677,103.7965624
205 BEDOK NTH ST 1,1.3260089,103.9309399
688F WOODLANDS DR 75,1.4441412,103.8080869
780B WOODLANDS CRES,1.4488911,103.8011656
613 BEDOK RESERVOIR RD,1.3318912,103.9169623
255 COMPASSVALE RD,1.3945143,103.8992195
871 WOODLANDS ST 81,1.4438727,103.7891841
233 YISHUN ST 21,1.4350013,103.8381557
59 NEW UPP CHANGI RD,1.324054,103.9406335
592A MONTREAL LINK,1.4507336,103.8272803
45 MARINE CRES,1.3045906,103.9123346
628 PASIR RIS DR 3,1.3793721,103.940888
661 YISHUN AVE 4,1.4223474,103.8407599
123 HOUGANG AVE 1,1.3524909,103.8872696
106 BEDOK RESERVOIR RD,1.3294979,103.9094598
236 SERANGOON AVE 3,1.3542926,103.8698348
551 SERANGOON NTH AVE 3,1.3646758,103.8722366
216C COMPASSVALE DR,1.3905441,103.8942606
179 ANG MO KIO AVE 5,1.376861,103.8364347
503 BISHAN ST 11,1.3489574,103.8480291
51 CHAI CHEE ST,1.3289128,103.9221481
288D BT BATOK ST 25,1.3458162,103.7591061
468 PASIR RIS DR 6,1.3739096,103.9567346
59C GEYLANG BAHRU,1.3223965,103.8685256
465 ANG MO KIO AVE 10,1.3662627,103.8569974
782 YISHUN RING RD,1.4220448,103.8317241
264C COMPASSVALE BOW,1.3815677,103.8962363
11 ST. GEORGE'S RD,1.323119,103.8632723
614 HOUGANG AVE 8,1.3690284,103.8849024
108 BISHAN ST 12,1.3469108,103.8473951
649 JLN TENAGA,1.3323328,103.9060668
318B ANCHORVALE LINK,1.3939724,103.8892912
834 YISHUN ST 81,1.4149984,103.8339891
79 MARINE DR,1.3015432,103.9078077
231 SIMEI ST 4,1.3439323,103.9568655
731 TAMPINES ST 71,1.3570215,103.9341123
102 HOUGANG AVE 1,1.3548591,103.8907921
43 JLN BAHAGIA,1.3271084,103.8571106
419 BEDOK NTH ST 1,1.3272514,103.9279715
246 KIM KEAT LINK,1.3303205,103.8558964
97 C'WEALTH CRES,1.352083,103.819836
666A PUNGGOL DR,1.4011744,103.91489
765 YISHUN ST 72,1.424993,103.8342688
259A COMPASSVALE RD,1.3941262,103.8967275
524 HOUGANG AVE 6,1.3741405,103.8906336
26D JLN MEMBINA,1.2827261,103.824674
502 CHOA CHU KANG ST 51,1.3891244,103.7434193
33 CHAI CHEE AVE,1.324057,103.9258303
310A ANG MO KIO AVE 1,1.3648179,103.8439234
201 CLEMENTI AVE 6,1.320232,103.7629963
509 PASIR RIS ST 52,1.3759477,103.9439701
690B WOODLANDS DR 75,1.4433331,103.8081775
858 JURONG WEST ST 81,1.3483465,103.6961221
314 SEMBAWANG DR,1.4437679,103.8209468
470B UPP SERANGOON CRES,1.379264,103.9006694
4 JLN BT HO SWEE,1.2874406,103.8312719
174 LOMPANG RD,1.3802068,103.7663458
850 TAMPINES ST 82,1.3529843,103.9359252
636A YISHUN ST 61,1.4195298,103.8396729
411 SERANGOON CTRL,1.348808,103.8740242
569 PASIR RIS ST 51,1.3697284,103.9491371
116 CLEMENTI ST 13,1.3245368,103.7722997
532 UPP CROSS ST,1.2839592,103.8459136
744 BEDOK RESERVOIR RD,1.337769,103.9217855
658 WOODLANDS RING RD,1.4362675,103.7993936
650 WOODLANDS RING RD,1.4384611,103.8007519
651A JURONG WEST ST 61,1.3370847,103.6978695
664 BUFFALO RD,1.3061895,103.8511888
256 PASIR RIS ST 21,1.367608,103.9640276
365B UPP SERANGOON RD,1.3692293,103.8973844
14 GHIM MOH RD,1.3088767,103.7891726
676A PUNGGOL DR,1.4048159,103.9099086
157 LOR 1 TOA PAYOH,1.3322871,103.8454896
139B LOR 1A TOA PAYOH,1.3367855,103.8439944
502A WELLINGTON CIRCLE,1.4511253,103.8212412
207A COMPASSVALE LANE,1.3853205,103.897929
461 ANG MO KIO AVE 10,1.3675797,103.8572692
643 WOODLANDS RING RD,1.4377215,103.8016574
248 BISHAN ST 22,1.3613803,103.8432961
910 HOUGANG ST 91,1.3789361,103.8827304
8 REDHILL CL,1.2851253,103.816894
273 YISHUN ST 22,1.4375624,103.8393332
764 PASIR RIS ST 71,1.3764436,103.9344976
618 ANG MO KIO AVE 4,1.3780961,103.8382463
433 YISHUN AVE 6,1.4210047,103.8473951
322A ANCHORVALE DR,1.3914529,103.8922842
164 STIRLING RD,1.2914763,103.8023818
295 PUNGGOL CTRL,1.401993,103.9048833
387 BT BATOK WEST AVE 5,1.3648976,103.7525889
659 JLN TENAGA,1.3341337,103.9062028
102 GANGSA RD,1.3792448,103.7678849
701 JURONG WEST ST 71,1.3424105,103.6957023
301 TAMPINES ST 32,1.353382,103.9555056
588 WOODLANDS DR 16,1.4277464,103.7947302
415C FERNVALE LINK,1.3893507,103.8803719
437 JURONG WEST AVE 1,1.3518704,103.7238065
165 STIRLING RD,1.2908391,103.8018997
352 UBI AVE 1,1.3252748,103.899446
266 PASIR RIS ST 21,1.3661577,103.9638157
170 YISHUN AVE 7,1.4370884,103.8329022
322 TAMPINES ST 33,1.3508699,103.9581462
210C PUNGGOL PL,1.3996588,103.8999671
612 ANG MO KIO AVE 4,1.3789556,103.8380583
121 POTONG PASIR AVE 1,1.3357049,103.8658404
448 CHOA CHU KANG AVE 4,1.3804524,103.7371077
818A CHOA CHU KANG AVE 1,1.3777274,103.7485804
570A WOODLANDS AVE 1,1.4307426,103.7907913
609 WOODLANDS RING RD,1.4359388,103.7961563
512 BT BATOK ST 52,1.3541225,103.752948
652 PUNGGOL CTRL,1.397201,103.9155319
662D EDGEDALE PLAINS,1.4020927,103.9171746
410 SERANGOON CTRL,1.3477856,103.8741143
507 SERANGOON NTH AVE 4,1.3702886,103.8716082
12 CANTONMENT CL,1.2744703,103.8400805
18D HOLLAND DR,1.3099792,103.7926864
745 YISHUN ST 72,1.4287116,103.8339457
15 REDHILL CL,1.2859218,103.8170046
826 YISHUN ST 81,1.4140537,103.8325399
592B MONTREAL LINK,1.4511794,103.8275646
197A PUNGGOL FIELD,1.3999996,103.9069255
132 MARSILING RISE,1.4383074,103.7780248
214 MARSILING LANE,1.4469735,103.7715515
677 WOODLANDS AVE 6,1.4392943,103.801872
455 TAMPINES ST 42,1.3573993,103.9538965
29A CHAI CHEE AVE,1.3248278,103.9238785
26 CHAI CHEE RD,1.3233495,103.9235924
632 BEDOK RESERVOIR RD,1.3325435,103.9142631
350 CHOA CHU KANG CTRL,1.383641,103.7434436
122 SIMEI ST 1,1.3454815,103.9523744
307B ANCHORVALE RD,1.389574,103.887468
234 CHOA CHU KANG CTRL,1.3802459,103.7480722
355 YISHUN RING RD,1.4253478,103.8449493
103 BT PURMEI RD,1.2721228,103.8260191
162B PUNGGOL CTRL,1.3963216,103.9145987
494C TAMPINES ST 43,1.3636308,103.9524913
548 JURONG WEST ST 42,1.3535117,103.7159063
414 CHOA CHU KANG AVE 4,1.3821816,103.7422669
289D BT BATOK ST 25,1.3434832,103.7592567
72 TELOK BLANGAH HTS,1.276197,103.8095846
141 BISHAN ST 12,1.3451189,103.8533738
827 JURONG WEST ST 81,1.345609,103.6930385
65 C'WEALTH DR,1.296245,103.799522
475C UPP SERANGOON CRES,1.3754551,103.8999413
228 CHOA CHU KANG CTRL,1.3809835,103.7465211
139 SIMEI ST 1,1.3469355,103.9564122
426 JURONG WEST AVE 1,1.3516514,103.7247117
184 STIRLING RD,1.2956342,103.8043741
317A ANCHORVALE RD,1.3941519,103.8879922
601 CLEMENTI WEST ST 1,1.3047776,103.765169
101 C'WEALTH CRES,1.352083,103.819836
347A YISHUN AVE 11,1.4279306,103.8425036
940 TAMPINES AVE 5,1.3490723,103.9414546
613 CLEMENTI WEST ST 1,1.303666,103.7677038
452 ANG MO KIO AVE 10,1.3688949,103.856313
286D TOH GUAN RD,1.339666,103.7447108
275 YISHUN ST 22,1.437751,103.838555
854 WOODLANDS ST 83,1.4398197,103.7930517
208 CHOA CHU KANG CTRL,1.3813405,103.7481504
52 CIRCUIT RD,1.3242166,103.8856222
288C JURONG EAST ST 21,1.3395459,103.7435836
658C JURONG WEST ST 65,1.3368488,103.7004561
507 BT BATOK ST 52,1.352213,103.7537627
720 YISHUN ST 71,1.4264004,103.8288281
104 BT PURMEI RD,1.2724898,103.8257478
436D FERNVALE RD,1.3920867,103.8766114
101D PUNGGOL FIELD,1.3985576,103.9061677
520C TAMPINES CTRL 8,1.3566014,103.9397682
743 JURONG WEST ST 73,1.3473678,103.6993275
274B PUNGGOL PL,1.4030775,103.9025525
121 HOUGANG AVE 1,1.3538563,103.8869864
471C FERNVALE ST,1.3959389,103.8817311
16 JLN TENTERAM,1.3281009,103.859534
262 BISHAN ST 22,1.3593163,103.842413
50 HAVELOCK RD,1.2898051,103.8268338
898A TAMPINES ST 81,1.3466576,103.9346949
357C ADMIRALTY DR,1.4497532,103.8175733
930 HOUGANG ST 91,1.3754046,103.8813007
767 BEDOK RESERVOIR VIEW,1.3359602,103.9367399
11 JLN BATU,1.3016333,103.8826371
103 SPOTTISWOODE PK RD,1.2747341,103.8353025
261 BT BATOK EAST AVE 4,1.3505972,103.7588128
802 TAMPINES AVE 4,1.3460914,103.93801
219 YISHUN ST 21,1.4334241,103.8365133
206 BISHAN ST 23,1.3556952,103.8479386
466 HOUGANG AVE 8,1.3727645,103.8970511
809B CHOA CHU KANG AVE 1,1.3748002,103.744922
17 MARINE TER,1.3037229,103.9141725
225A JURONG EAST ST 21,1.3420767,103.7364678
124 BISHAN ST 12,1.3463772,103.8510185
525 HOUGANG AVE 6,1.3748506,103.8913358
427 ANG MO KIO AVE 3,1.3693543,103.8544607
449 SIN MING AVE,1.3582663,103.8309322
416 SAUJANA RD,1.3832917,103.7684507
462 CLEMENTI AVE 3,1.31114,103.7658932
289D PUNGGOL PL,1.401994,103.903694
125 TAMPINES ST 11,1.3462955,103.950089
635 CHOA CHU KANG NTH 6,1.396262,103.7496159
858A TAMPINES AVE 5,1.3542951,103.9371036
722 PASIR RIS ST 72,1.3810257,103.9369223
533 HOUGANG AVE 6,1.3758224,103.8917737
114 LOR 3 GEYLANG,1.3115893,103.8740904
119C RIVERVALE DR,1.3850365,103.9032974
131 ANG MO KIO AVE 3,1.3710409,103.8417789
123 BEDOK NTH ST 2,1.3288765,103.9374246
154 RIVERVALE CRES,1.3912439,103.9068317
177 BISHAN ST 13,1.3478829,103.8535478
301 SERANGOON AVE 2,1.3528306,103.8678513
240 COMPASSVALE WALK,1.3909086,103.8979492
312 HOUGANG AVE 5,1.3655308,103.8942355
661B JURONG WEST ST 64,1.3359592,103.7055457
810 TAMPINES AVE 4,1.3464653,103.9366504
452B SENGKANG WEST WAY,1.3937811,103.8740306
950 HOUGANG ST 91,1.3756839,103.878779
227D COMPASSVALE DR,1.387021,103.901366
850 WOODLANDS ST 82,1.440937,103.792059
203E COMPASSVALE RD,1.387748,103.8962031
102 BEDOK RESERVOIR RD,1.3285295,103.9092559
321 YISHUN CTRL,1.4291117,103.841326
291C BT BATOK ST 24,1.3429022,103.7551205
334C ANCHORVALE CRES,1.3974296,103.8897954
328 TAH CHING RD,1.3369603,103.7226949
353 BT BATOK ST 34,1.3616872,103.7498703
235 PASIR RIS ST 21,1.3733306,103.9622144
208 SERANGOON CTRL,1.3540794,103.8738484
19 BALAM RD,1.3314533,103.8875301
112 TAMPINES ST 11,1.3462368,103.9475961
958 HOUGANG ST 91,1.3765273,103.8798257
492 ADMIRALTY LINK,1.4564927,103.8170525
350 WOODLANDS AVE 3,1.4338587,103.7823028
501 WOODLANDS DR 14,1.4328637,103.7919684
661 JLN DAMAI,1.3347018,103.9080098
107 BT PURMEI RD,1.2731925,103.8246461
243 PASIR RIS ST 21,1.3715472,103.9629168
154 LOR 2 TOA PAYOH,1.3333428,103.8461676
897B WOODLANDS DR 50,1.4361204,103.793825
241 BISHAN ST 22,1.3606894,103.8455834
397 YISHUN AVE 6,1.4278283,103.8472139
19 TOH YI DR,1.339938,103.7739506
311 WOODLANDS ST 31,1.4304715,103.7761529
257 KIM KEAT AVE,1.3326036,103.8574227
242 TAMPINES ST 21,1.354036,103.946633
305B PUNGGOL RD,1.4052907,103.9063732
267B COMPASSVALE LINK,1.3833363,103.8975178
947 JURONG WEST ST 91,1.3436448,103.6905951
303C ANCHORVALE LINK,1.3877016,103.8900248
210 PASIR RIS ST 21,1.3668049,103.9614615
13 TOH YI DR,1.3387009,103.7725926
504 ANG MO KIO AVE 8,1.3748087,103.848935
109 TECK WHYE LANE,1.3786778,103.7521333
197 BISHAN ST 13,1.3490164,103.850475
574 CHOA CHU KANG ST 52,1.3946018,103.7449098
470 PASIR RIS DR 6,1.3738156,103.9574212
615 ELIAS RD,1.3764742,103.9416585
560 PASIR RIS ST 51,1.3667367,103.9504289
426 PASIR RIS DR 6,1.3700007,103.9556869
353A ADMIRALTY DR,1.4505871,103.8192487
140 BT BATOK ST 11,1.3507386,103.743809
635 BEDOK RESERVOIR RD,1.3307863,103.9049059
493B TAMPINES AVE 9,1.3622378,103.9520868
2D GEYLANG SERAI,1.3176769,103.8984588
9 JLN BATU,1.3028169,103.8829794
664A PUNGGOL DR,1.3995659,103.9174944
317 JURONG EAST ST 31,1.347154,103.7308304
22 HOUGANG AVE 3,1.3642715,103.8904704
663 WOODLANDS RING RD,1.4362003,103.7983975
225 TAMPINES ST 23,1.3551473,103.9540551
147 RIVERVALE CRES,1.3904881,103.9055671
750 YISHUN ST 72,1.4284724,103.8338944
444 SIN MING AVE,1.3585944,103.832316
604 ELIAS RD,1.3762998,103.9432675
149 YISHUN ST 11,1.4315757,103.8327545
413 ANG MO KIO AVE 10,1.3635721,103.8536456
11 EUNOS CRES,1.3218511,103.9043813
920 JURONG WEST ST 92,1.3398827,103.6883857
515 WOODLANDS DR 14,1.4347819,103.7903386
336 SEMBAWANG CRES,1.4469563,103.8157846
465 JURONG WEST ST 41,1.3501979,103.723264
514 WEST COAST RD,1.3089821,103.7591941
113 BT PURMEI RD,1.2748886,103.8271056
369 BT BATOK ST 31,1.3600689,103.7509565
334 SERANGOON AVE 3,1.3501617,103.8707455
114 HO CHING RD,1.3334256,103.7238236
139 JLN BT MERAH,1.2786934,103.8264716
186A RIVERVALE DR,1.392916,103.905784
205 PASIR RIS ST 21,1.3669554,103.9629396
144 LOR AH SOO,1.3519795,103.8831848
775 YISHUN RING RD,1.4225172,103.8321621
351D CANBERRA RD,1.451064,103.819294
138 RIVERVALE ST,1.3881216,103.9043895
357 CLEMENTI AVE 2,1.3133705,103.7694466
781 YISHUN RING RD,1.4221975,103.8322682
359A ADMIRALTY DR,1.4496188,103.8155808
525 JURONG WEST ST 52,1.3473736,103.7162918
660 WOODLANDS RING RD,1.4354966,103.7994388
671 JLN DAMAI,1.332428,103.9089161
235 LOR 8 TOA PAYOH,1.3388771,103.8571788
213C PUNGGOL WALK,1.4008405,103.8987968
318 HOUGANG AVE 5,1.3657206,103.8962064
148 TAMPINES AVE 5,1.3506063,103.9419985
412 PASIR RIS DR 6,1.3733738,103.9549617
453 TAMPINES ST 42,1.3569967,103.9538965
571 ANG MO KIO AVE 3,1.3700064,103.8549834
212 JURONG EAST ST 21,1.3391049,103.7403661
529 SERANGOON NTH AVE 4,1.3727856,103.8720137
53 GEYLANG BAHRU,1.3236802,103.867982
665 JLN DAMAI,1.3341158,103.9081004
178B RIVERVALE CRES,1.3885857,103.9101848
258C COMPASSVALE RD,1.3934254,103.8974975
215 LOR 8 TOA PAYOH,1.3418215,103.8550074
540 CHOA CHU KANG ST 52,1.3928786,103.7437151
144 PASIR RIS ST 11,1.3623674,103.9606293
759 PASIR RIS ST 71,1.3764905,103.9327754
324 SEMBAWANG CL,1.4445371,103.8179761
339C KANG CHING RD,1.3385521,103.7217217
313B SUMANG LINK,1.4102567,103.9022099
410 SAUJANA RD,1.3825998,103.7676812
235 SERANGOON AVE 3,1.3552171,103.8697964
291B BT BATOK ST 24,1.3430456,103.7556637
363 HOUGANG AVE 5,1.3700036,103.8964731
162 WOODLANDS ST 13,1.4329786,103.7732263
525A PASIR RIS ST 51,1.3693179,103.9473468
481 SEGAR RD,1.3894105,103.7720494
118 TECK WHYE LANE,1.3799337,103.7505039
634 ANG MO KIO AVE 6,1.3816568,103.8433186
44 BENDEMEER RD,1.3222207,103.866576
109 SERANGOON NTH AVE 1,1.3694797,103.8704962
110 GANGSA RD,1.3780714,103.7679754
471B FERNVALE ST,1.3965324,103.8805532
868 WOODLANDS ST 83,1.4423779,103.7934851
182 STIRLING RD,1.2951912,103.8051391
909 TAMPINES AVE 4,1.3501831,103.9393912
162 BISHAN ST 13,1.3476669,103.8559103
326 TAMPINES ST 32,1.3525296,103.9586433
364 BT BATOK ST 31,1.360665,103.7492367
269A PUNGGOL FIELD,1.4030581,103.8991325
106 LENGKONG TIGA,1.3233079,103.9109383
145 PETIR RD,1.3759706,103.7668664
54 GEYLANG BAHRU,1.3239097,103.8679208
108 BT BATOK WEST AVE 6,1.3474563,103.7466016
233 PASIR RIS DR 4,1.3744296,103.9621237
601 HOUGANG AVE 4,1.3708674,103.8872996
59 CIRCUIT RD,1.3252374,103.886805
387 YISHUN RING RD,1.4295891,103.8472139
608 CHOA CHU KANG ST 62,1.3984471,103.7446203
261 SERANGOON CTRL DR,1.3539372,103.872293
965 JURONG WEST ST 93,1.3408765,103.6926517
103C EDGEFIELD PLAINS,1.3974138,103.9045661
10 PINE CL,1.3091671,103.882277
984A BUANGKOK LINK,1.3820176,103.8810943
168B PUNGGOL EAST,1.3946643,103.9139151
728 YISHUN ST 71,1.4258751,103.8307285
976 JURONG WEST ST 93,1.3399495,103.6937273
677D PUNGGOL DR,1.4061835,103.9092965
16 ST. GEORGE'S RD,1.3244407,103.8623229
505 HOUGANG AVE 8,1.3732156,103.8875301
425 SERANGOON AVE 1,1.3479397,103.8765644
802 YISHUN RING RD,1.4184829,103.8317803
361 HOUGANG AVE 5,1.369402,103.8960478
315A PUNGGOL WAY,1.4079587,103.8966879
128 PENDING RD,1.3760951,103.7697146
163 LOR 1 TOA PAYOH,1.3320706,103.8440377
484 JURONG WEST AVE 1,1.3481291,103.7262498
665C PUNGGOL DR,1.401529,103.9143676
496F TAMPINES AVE 9,1.3606046,103.9504063
727 TAMPINES ST 71,1.3562627,103.93554
226 LOR 8 TOA PAYOH,1.3395047,103.8570543
228 SERANGOON AVE 4,1.3563707,103.8702244
441 CHOA CHU KANG AVE 4,1.3832415,103.7397099
227 LOR 8 TOA PAYOH,1.3394619,103.8579017
704 BEDOK RESERVOIR RD,1.3365333,103.9203354
119 PASIR RIS ST 11,1.3674794,103.9564799
530 JELAPANG RD,1.3849971,103.7651916
573 PASIR RIS ST 53,1.3738856,103.9458737
19 MARSILING LANE,1.4436697,103.7774816
453 FAJAR RD,1.3854174,103.7714891
977 JURONG WEST ST 93,1.3398814,103.6941219
865 JURONG WEST ST 81,1.34978,103.695426
528 JELAPANG RD,1.3851432,103.7655372
949 JURONG WEST ST 91,1.3435038,103.6916111
842G TAMPINES ST 82,1.352196,103.937262
124 RIVERVALE DR,1.3881669,103.9022458
14 BEDOK STH AVE 2,1.3213731,103.9361959
916 TAMPINES ST 91,1.3491524,103.9402762
143 PETIR RD,1.3762416,103.7675227
283 TAMPINES ST 22,1.3487122,103.9529673
260 YISHUN ST 22,1.4355185,103.8392132
103 JLN RAJAH,1.3274024,103.8528283
267A PUNGGOL FIELD,1.4045108,103.8975511
416B FERNVALE LINK,1.3905228,103.8803694
642 YISHUN ST 61,1.4209211,103.8370688
7 JLN BATU,1.3025234,103.8836565
111 TECK WHYE LANE,1.3778715,103.7521333
96 WHAMPOA DR,1.3215376,103.8556449
406 PANDAN GDNS,1.3188461,103.7491461
682B JURONG WEST CTRL 1,1.3436252,103.7056136
837 HOUGANG CTRL,1.369304,103.8917437
842D TAMPINES ST 82,1.3506312,103.9377381
211 TAMPINES ST 23,1.3541904,103.9549617
163 YUNG PING RD,1.3301123,103.7221951
224D COMPASSVALE WALK,1.388746,103.8986076
141 SIMEI ST 2,1.3456554,103.9547751
651 JLN TENAGA,1.3322173,103.9073754
204 PASIR RIS ST 21,1.3674148,103.962645
461 CLEMENTI AVE 3,1.3111375,103.7663458
36 TANGLIN HALT RD,1.2973321,103.7982843
151 ANG MO KIO AVE 5,1.3769877,103.8413373
168C PUNGGOL FIELD,1.393896,103.913797
114 PASIR RIS ST 11,1.3685173,103.9547127
313D ANCHORVALE RD,1.392022,103.887708
461 PASIR RIS DR 4,1.3711546,103.9586786
315B YISHUN AVE 9,1.4320377,103.8427753
113 JURONG EAST ST 13,1.3388429,103.7349354
271A SENGKANG CTRL,1.386077,103.8947339
450 CLEMENTI AVE 3,1.3135577,103.7654405
685C CHOA CHU KANG CRES,1.4034466,103.748627
102 JLN RAJAH,1.3282418,103.851581
744 PASIR RIS ST 71,1.3776116,103.9351774
211B PUNGGOL WALK,1.40128,103.899656
480 SEGAR RD,1.389776,103.7722305
422 TAMPINES ST 41,1.3573119,103.9469842
914 JURONG WEST ST 91,1.3415673,103.6878524
299A TAMPINES ST 22,1.3502,103.953924
128 BISHAN ST 12,1.3460875,103.850475
445 CLEMENTI AVE 3,1.3126295,103.7645579
138C LOR 1A TOA PAYOH,1.3362737,103.8447228
217A JURONG EAST ST 21,1.340526,103.7383974
639 JURONG WEST ST 61,1.340745,103.6968364
546 PASIR RIS ST 51,1.3689201,103.9526953
453 HOUGANG AVE 10,1.378506,103.8958777
323 SERANGOON AVE 3,1.351544,103.8691374
568 PASIR RIS ST 51,1.3689255,103.9486839
446 CHOA CHU KANG AVE 4,1.3808212,103.7367456
429B YISHUN AVE 11,1.4215959,103.8491809
370 TAMPINES ST 34,1.358042,103.9597665
307 SHUNFU RD,1.3506002,103.8382005
237 PASIR RIS ST 21,1.374242,103.9628943
588A MONTREAL DR,1.4504176,103.8258376
9 JLN KUKOH,1.2876433,103.8386354
103 BEDOK NTH AVE 4,1.3334342,103.9374662
40 SIMS DR,1.317438,103.876302
398 YISHUN RING RD,1.4279061,103.8464892
27 JLN BAHAGIA,1.326073,103.8590131
350 ANG MO KIO ST 32,1.3637044,103.8500976
366 BT BATOK ST 31,1.3605216,103.7486935
859 TAMPINES AVE 5,1.354674,103.9380327
149 PASIR RIS ST 13,1.3617428,103.962237
20 UPP BOON KENG RD,1.3137244,103.8739313
94 LOR 4 TOA PAYOH,1.3388453,103.8501391
335C YISHUN ST 31,1.432469,103.8442246
308 SERANGOON AVE 2,1.3541986,103.8659662
62 C'WEALTH DR,1.296245,103.799522
134 BEDOK RESERVOIR RD,1.3329178,103.912813
150 TAMPINES ST 12,1.3509156,103.9431675
172 LOR 1 TOA PAYOH,1.3303878,103.8430508
631 CHOA CHU KANG NTH 6,1.3962613,103.7479626
80A LOR 4 TOA PAYOH,1.3352569,103.8484855
16 MARSILING LANE,1.4423455,103.7779343
356 YISHUN RING RD,1.4251983,103.8454022
112 ALJUNIED CRES,1.3203816,103.8851348
502 SERANGOON NTH AVE 4,1.3702886,103.8716082
324 TAMPINES ST 32,1.352408,103.9593132
425 TAMPINES ST 41,1.3590626,103.948072
622B PUNGGOL CTRL,1.4002254,103.9106831
322C ANCHORVALE DR,1.3922116,103.8921513
21 ST. GEORGE'S RD,1.3247621,103.8622027
20 JLN KLINIK,1.2882025,103.8290302
541 BT PANJANG RING RD,1.3825516,103.7634263
170A PUNGGOL FIELD,1.3935592,103.9148295
226A COMPASSVALE WALK,1.387662,103.8992648
514 CHOA CHU KANG ST 51,1.390345,103.7430564
20 QUEEN'S CL,1.2928063,103.7999369
491F TAMPINES ST 45,1.3630493,103.954871
404 TAMPINES ST 41,1.3582054,103.944446
530C PASIR RIS DR 1,1.3716643,103.9501566
101 BT BATOK WEST AVE 6,1.3468132,103.7469058
661C EDGEDALE PLAINS,1.4022791,103.9172624
470A UPP SERANGOON CRES,1.3791845,103.9019578
386 YISHUN RING RD,1.4290066,103.8464892
603C PUNGGOL RD,1.4034445,103.9079813
606 BEDOK RESERVOIR RD,1.3313022,103.91381
54 TEBAN GDNS RD,1.3214028,103.7368927
351 CORPORATION DR,1.3388795,103.7196917
514 HOUGANG AVE 10,1.3721974,103.8893903
412 CHOA CHU KANG AVE 3,1.381815,103.7422669
415 SAUJANA RD,1.383343,103.7690618
867 TAMPINES ST 83,1.3551185,103.9340217
148 WOODLANDS ST 13,1.4357992,103.7740864
471 JURONG WEST ST 41,1.3485115,103.7222647
630 WOODLANDS RING RD,1.43464,103.8014763
527A PASIR RIS ST 51,1.3685994,103.9475003
710 JURONG WEST ST 71,1.3428809,103.6948458
309 YISHUN RING RD,1.4323407,103.8412354
223A JURONG EAST ST 21,1.3413966,103.7366551
703 BEDOK RESERVOIR RD,1.3374289,103.920494
147 LOR 2 TOA PAYOH,1.3345517,103.8450399
870 WOODLANDS ST 81,1.443548,103.7886539
110 WHAMPOA RD,1.326789,103.855812
482 JURONG WEST ST 41,1.3471967,103.7247761
610 BEDOK RESERVOIR RD,1.3309457,103.9121786
155 JLN TECK WHYE,1.3788684,103.757112
172 BISHAN ST 13,1.3473887,103.8533738
99 BEDOK NTH AVE 4,1.3338248,103.9395057
707 HOUGANG AVE 2,1.3662771,103.888776
109 LOR 1 TOA PAYOH,1.3412056,103.8463986
153 PASIR RIS ST 13,1.3637338,103.9629396
112 BT PURMEI RD,1.2745295,103.8259281
19 JLN MEMBINA,1.2856409,103.8262044
185 PASIR RIS ST 11,1.364786,103.958901
608 ELIAS RD,1.3757166,103.9428143
340 JURONG EAST AVE 1,1.3503014,103.7306848
28 BENDEMEER RD,1.3187168,103.8632528
141 PETIR RD,1.3759262,103.7681791
305 CANBERRA RD,1.4456164,103.8217393
215 JURONG EAST ST 21,1.3400679,103.7384653
56 TELOK BLANGAH HTS,1.2742378,103.8124338
19 GHIM MOH RD,1.3115263,103.7883466
101 TAMPINES ST 11,1.3474398,103.9452618
814 JURONG WEST ST 81,1.3456597,103.6957506
216 PETIR RD,1.3746049,103.7747428
120C RIVERVALE DR,1.3851171,103.9040028
82 REDHILL LANE,1.2874073,103.8195071
524B PASIR RIS ST 51,1.3710932,103.9475312
346 CHOA CHU KANG LOOP,1.3835758,103.7447872
413 TAMPINES ST 41,1.3594618,103.9455564
247 BT BATOK EAST AVE 5,1.3499975,103.7568405
109 POTONG PASIR AVE 1,1.334789,103.8674998
301A ANCHORVALE DR,1.3896032,103.8916076
418 SERANGOON CTRL,1.3497531,103.8753949
11 TECK WHYE LANE,1.3797615,103.754849
623 BEDOK RESERVOIR RD,1.3336266,103.9168007
165 WOODLANDS ST 13,1.432968,103.7749465
110 BEDOK RESERVOIR RD,1.3301512,103.9103661
418 WOODLANDS ST 41,1.4290054,103.774856
505A YISHUN ST 51,1.418928,103.8451521
683A CHOA CHU KANG CRES,1.4038695,103.7455254
678 HOUGANG AVE 8,1.3707891,103.8844493
536 SERANGOON NTH AVE 4,1.3735477,103.8751199
462 CHOA CHU KANG AVE 4,1.3780383,103.7365719
38D BENDEMEER RD,1.3217478,103.8668042
11 GHIM MOH RD,1.310035,103.789976
186 PASIR RIS ST 11,1.3649799,103.9596079
7 YUNG KUANG RD,1.3307393,103.7223969
751 CHOA CHU KANG NTH 5,1.3924687,103.7479015
486 SEGAR RD,1.3892847,103.7716194
271B SENGKANG CTRL,1.3856019,103.8945075
611 ANG MO KIO AVE 5,1.3783946,103.8373405
353 TAMPINES ST 33,1.3548755,103.9629396
319 CLEMENTI AVE 4,1.3174403,103.7648068
346 WOODLANDS ST 32,1.4324165,103.7811031
410 WOODLANDS ST 41,1.4288663,103.7735885
282C SENGKANG EAST AVE,1.3851743,103.8925138
585 ANG MO KIO AVE 3,1.3706862,103.8524706
22 EUNOS CRES,1.3248213,103.9019834
852 YISHUN ST 81,1.4160076,103.8368876
7 HOUGANG AVE 3,1.3623131,103.89342
181 EDGEFIELD PLAINS,1.3992743,103.9091454
32 BEDOK STH AVE 2,1.3226774,103.9378287
85 CIRCUIT RD,1.3226646,103.8857414
700 PASIR RIS DR 10,1.3802123,103.9381913
735 TAMPINES ST 72,1.359584,103.9341123
125 YISHUN ST 11,1.4340766,103.8304341
38B BENDEMEER RD,1.3207232,103.8668495
421 BT BATOK WEST AVE 2,1.3625207,103.7449342
477A UPP SERANGOON VIEW,1.3784387,103.9039318
440 TAMPINES ST 43,1.3607989,103.9516074
111 BT BATOK WEST AVE 6,1.3483819,103.745981
133 BEDOK NTH AVE 3,1.3275177,103.9357439
16 TAMAN HO SWEE,1.2880236,103.8316342
262 BOON LAY DR,1.3453004,103.7073329
647 JURONG WEST ST 61,1.3400826,103.6973793
786 YISHUN RING RD,1.4213917,103.8320871
533 ANG MO KIO AVE 5,1.3741984,103.8530114
358 YUNG AN RD,1.3363947,103.7206644
122 SENGKANG EAST WAY,1.3865362,103.9067637
326 YISHUN RING RD,1.429692,103.842413
106 TECK WHYE LANE,1.3779405,103.7528575
110 WOODLANDS ST 13,1.4376251,103.7815558
173 BISHAN ST 13,1.347722,103.8542542
5A UPP BOON KENG RD,1.313266,103.873481
206 TAMPINES ST 21,1.3508386,103.9523327
335 SERANGOON AVE 3,1.349583,103.8710966
619 JURONG WEST ST 65,1.3413873,103.6998224
699B HOUGANG ST 52,1.3768648,103.8883229
203C COMPASSVALE RD,1.3869167,103.8952323
203 CHOA CHU KANG AVE 1,1.3815524,103.7495082
1 EVERTON PK,1.2774397,103.8400926
619 BEDOK RESERVOIR RD,1.333514,103.9176286
286C COMPASSVALE CRES,1.3978468,103.8962009
507 CHOA CHU KANG ST 51,1.3888588,103.7414522
42A SIMS DR,1.3166929,103.8761524
335 ANG MO KIO AVE 1,1.3631496,103.8507467
39 JLN TIGA,1.307754,103.8849964
127C KIM TIAN RD,1.281516,103.830022
551 CHOA CHU KANG ST 52,1.3943127,103.7429909
202 PETIR RD,1.3724051,103.7749239
15 EUNOS CRES,1.3238987,103.903388
257 TAMPINES ST 21,1.3537809,103.949885
481 TAMPINES ST 44,1.3615744,103.9532849
566 CHOA CHU KANG ST 52,1.394719,103.745783
190 PASIR RIS ST 12,1.3654251,103.9586106
559 PASIR RIS ST 51,1.3664363,103.9516981
238 BISHAN ST 22,1.3598987,103.8444043
141 BT BATOK ST 11,1.3502834,103.7433625
602 SENJA RD,1.3814193,103.7627471
171 YISHUN AVE 7,1.4369974,103.8319773
439 HOUGANG AVE 8,1.3786806,103.8934377
131 BT BATOK WEST AVE 6,1.3507978,103.746253
336A YISHUN ST 31,1.4312035,103.8448307
265 TOH GUAN RD,1.3406555,103.744575
564 CHOA CHU KANG ST 52,1.3954347,103.7455254
342 UBI AVE 1,1.3265457,103.9011225
429 TAMPINES ST 41,1.359566,103.9496131
633A SENJA RD,1.385499,103.758362
686C WOODLANDS DR 73,1.4423139,103.8068191
542 JELAPANG RD,1.3830075,103.763811
533 BT PANJANG RING RD,1.3849693,103.7636979
83 STRATHMORE AVE,1.2948628,103.8082907
452 TAMPINES ST 42,1.3568279,103.9545991
265B PUNGGOL WAY,1.4051873,103.8986968
276B JURONG WEST AVE 3,1.3526428,103.7046182
313C SUMANG LINK,1.4106609,103.9017569
635 YISHUN ST 61,1.4192218,103.8390615
335A ANCHORVALE CRES,1.3985892,103.8889572
850 YISHUN ST 81,1.4160126,103.8360724
305 YISHUN CTRL,1.4311778,103.8394238
183 EDGEFIELD PLAINS,1.398683,103.9098198
288E JURONG EAST ST 21,1.33892,103.7427355
59A GEYLANG BAHRU,1.3224702,103.8680577
295 CHOA CHU KANG AVE 2,1.3782323,103.7406376
455 HOUGANG AVE 10,1.3774604,103.8955548
244 YISHUN RING RD,1.433955,103.8412354
171B EDGEDALE PLAINS,1.3950921,103.912813
421 HOUGANG AVE 10,1.3749754,103.8951806
407A FERNVALE RD,1.3883477,103.8753009
312B CLEMENTI AVE 4,1.3197115,103.7644447
424 TAMPINES ST 41,1.3574329,103.9481853
304 TAMPINES ST 32,1.3521323,103.9564122
119D RIVERVALE DR,1.3855225,103.9033701
476C UPP SERANGOON VIEW,1.3780703,103.9042942
272C PUNGGOL WALK,1.4028649,103.9001257
243 SIMEI ST 5,1.3438878,103.955075
280A SENGKANG EAST AVE,1.3862838,103.8923212
302 SHUNFU RD,1.3495762,103.8391747
822 TAMPINES ST 81,1.3483079,103.9344749
2 GEYLANG SERAI,1.3173717,103.8975251
266A PUNGGOL WAY,1.4059388,103.8979281
633 HOUGANG AVE 8,1.3697882,103.8794633
174B EDGEDALE PLAINS,1.396809,103.910892
77 C'WEALTH DR,1.296245,103.799522
507 PASIR RIS ST 52,1.376604,103.9444686
631 YISHUN ST 61,1.4184193,103.8383369
683B CHOA CHU KANG CRES,1.4038821,103.7458839
476B CHOA CHU KANG AVE 5,1.3770218,103.7376734
289 CHOA CHU KANG AVE 3,1.3793882,103.7403791
641 PASIR RIS DR 1,1.37645,103.9395737
682A WOODLANDS DR 62,1.4403538,103.8032874
605 ELIAS RD,1.3767431,103.942633
259B PUNGGOL FIELD,1.4038117,103.8953451
10B BOON TIONG RD,1.2865016,103.8291887
227 CHOA CHU KANG CTRL,1.3812072,103.7458875
218 PASIR RIS ST 21,1.3695274,103.9613984
565 CHOA CHU KANG ST 52,1.3949968,103.7451634
808B CHOA CHU KANG AVE 1,1.3756943,103.7458412
145 RIVERVALE DR,1.3897831,103.9061989
533 BT BATOK ST 51,1.3558992,103.7497798
134 SIMEI ST 1,1.3480608,103.9556001
250 YISHUN AVE 9,1.4355538,103.8416585
320C ANCHORVALE DR,1.3911463,103.8913751
546 HOUGANG ST 51,1.378947,103.891757
433 CHOA CHU KANG AVE 4,1.3850437,103.7418143
340 HOUGANG AVE 7,1.3703441,103.8977696
627 ANG MO KIO AVE 9,1.3818885,103.841326
610 WOODLANDS AVE 4,1.4353872,103.7963374
372 JURONG EAST ST 32,1.3486548,103.7318185
822 YISHUN ST 81,1.4137333,103.8339665
826 TAMPINES ST 81,1.3493374,103.9336591
552 HOUGANG ST 51,1.3787758,103.8904238
806 TAMPINES AVE 4,1.3455859,103.9368316
28C DOVER CRES,1.3058533,103.7821896
102 ALJUNIED CRES,1.3204458,103.8825738
411A FERNVALE RD,1.3901952,103.8770422
555 WOODLANDS DR 53,1.4323271,103.7956809
408 FAJAR RD,1.3818057,103.7686997
642 HOUGANG AVE 8,1.3716913,103.8800069
349 CLEMENTI AVE 2,1.3159413,103.7710535
282 TAMPINES ST 22,1.3477639,103.9524233
312A ANCHORVALE LANE,1.391746,103.8851789
104 HENDERSON CRES,1.2894146,103.8214223
706 JURONG WEST ST 71,1.3427616,103.6954136
290A BT BATOK ST 24,1.3432941,103.7564325
176 BT BATOK WEST AVE 8,1.3459903,103.7415453
684D CHOA CHU KANG CRES,1.4047322,103.7465334
75 TELOK BLANGAH DR,1.2749161,103.8087208
509B WELLINGTON CIRCLE,1.4532049,103.8211114
14A LOR 7 TOA PAYOH,1.3361618,103.858088
182 BEDOK NTH RD,1.3269349,103.9416812
436 HOUGANG AVE 8,1.3772357,103.8936186
408 CHOA CHU KANG AVE 3,1.3804311,103.7407281
234 JURONG EAST ST 21,1.3398106,103.7418369
32 CASSIA CRES,1.3094495,103.8839039
656C JURONG WEST ST 61,1.3360457,103.7000035
160A PUNGGOL CTRL,1.3953683,103.9156225
230 HOUGANG AVE 1,1.3589742,103.8883456
34 CHAI CHEE AVE,1.3244398,103.9260907
142 RIVERVALE CRES,1.3903027,103.9049286
560 HOUGANG ST 51,1.3802676,103.8893823
101B PUNGGOL FIELD,1.3977811,103.906314
564 HOUGANG ST 51,1.3800194,103.8886968
116A JLN TENTERAM,1.3273304,103.8604103
267 BOON LAY DR,1.3465033,103.7069802
78 C'WEALTH DR,1.296245,103.799522
194 BISHAN ST 13,1.3482789,103.8513808
199D PUNGGOL FIELD,1.400438,103.906198
209 TAMPINES ST 21,1.3518618,103.9526046
217C SUMANG WALK,1.4022808,103.89557
516 HOUGANG AVE 10,1.3720338,103.8891272
520 ANG MO KIO AVE 5,1.3734219,103.8511317
104 BEDOK RESERVOIR RD,1.3292763,103.9098223
240 JURONG EAST ST 21,1.3410736,103.7415532
447 BRIGHT HILL DR,1.3582239,103.8319286
194B BT BATOK WEST AVE 6,1.3451599,103.7446203
80C TELOK BLANGAH ST 31,1.2734894,103.8072667
302D PUNGGOL PL,1.4046478,103.9051336
214 CHOA CHU KANG CTRL,1.3828164,103.7465211
415 C'WEALTH AVE WEST,1.352083,103.819836
893C WOODLANDS DR 50,1.4363216,103.7906102
626 PASIR RIS DR 3,1.3798111,103.9409787
256 SERANGOON CTRL DR,1.3552616,103.8713836
416 PASIR RIS DR 6,1.3716851,103.9556869
442 SIN MING AVE,1.3592836,103.8323361
537 JURONG WEST AVE 1,1.3505225,103.7165633
668 CHANDER RD,1.307587,103.8513808
321 HOUGANG AVE 5,1.3671186,103.8982227
252 CHOA CHU KANG AVE 2,1.3782785,103.7452539
493C TAMPINES ST 43,1.3619094,103.9515341
459 JURONG WEST ST 41,1.3503713,103.7209444
307A ANG MO KIO AVE 1,1.3659713,103.8444756
336A ANCHORVALE CRES,1.3974402,103.8894529
365 WOODLANDS AVE 5,1.4342109,103.7877128
224 LOR 8 TOA PAYOH,1.3412302,103.8560016
487B TAMPINES ST 45,1.359985,103.958264
172 WOODLANDS ST 13,1.4339809,103.7773912
686B JURONG WEST CTRL 1,1.3418097,103.7046995
633C SENJA RD,1.3846482,103.7593113
348B YISHUN AVE 11,1.427289,103.8415489
330 BT BATOK ST 33,1.3633816,103.7483315
121 YUAN CHING RD,1.3357804,103.7240521
28 KELANTAN RD,1.3059994,103.8572918
817 WOODLANDS ST 82,1.4418985,103.7908819
2C UPP BOON KENG RD,1.3132806,103.8718968
862 TAMPINES ST 83,1.3546649,103.9364691
348C YISHUN AVE 11,1.4270077,103.8422689
334 CLEMENTI AVE 2,1.3158829,103.7684281
9 CANTONMENT CL,1.2753258,103.8392229
327 SERANGOON AVE 3,1.3506339,103.8685241
346 BT BATOK ST 34,1.3624896,103.7505039
204 ANG MO KIO AVE 3,1.367387,103.8439185
414 WOODLANDS ST 41,1.4279862,103.7734979
596A ANG MO KIO ST 52,1.3725174,103.8509332
611 YISHUN ST 61,1.4201192,103.8362536
1 ROCHOR RD,1.3025558,103.8548721
443D FAJAR RD,1.3807133,103.7705782
344 BT BATOK ST 34,1.3627858,103.7499608
104 TOWNER RD,1.3198388,103.8608698
334 KRETA AYER RD,1.2815328,103.8422758
210 PETIR RD,1.3742291,103.7763272
889A WOODLANDS DR 50,1.4374371,103.7936619
189 PASIR RIS ST 12,1.3656444,103.9589252
451A SENGKANG WEST WAY,1.3944327,103.874039
411 EUNOS RD 5,1.3185418,103.8997504
666B JURONG WEST ST 65,1.3398361,103.7020846
151 RIVERVALE CRES,1.3923237,103.9056932
167 PETIR RD,1.3781256,103.7648392
149 TAMPINES ST 12,1.3514083,103.9425423
355 WOODLANDS AVE 1,1.4327977,103.7847701
202 YISHUN ST 21,1.430677,103.8373405
179 TOA PAYOH CTRL,1.3338994,103.8501064
317 SERANGOON AVE 2,1.3525502,103.8661021
25 TECK WHYE LANE,1.3780005,103.7551205
38 TELOK BLANGAH RISE,1.2725081,103.8223965
244 KIM KEAT LINK,1.3307172,103.8563925
156 SIMEI RD,1.3451637,103.9590413
224A COMPASSVALE WALK,1.3878494,103.8981235
687A CHOA CHU KANG DR,1.4044946,103.750114
464 CHOA CHU KANG AVE 4,1.3768676,103.7358405
37 CHAI CHEE AVE,1.325389,103.9260446
569 CHOA CHU KANG ST 52,1.3961416,103.7465428
310 YISHUN RING RD,1.4320911,103.8414025
719 PASIR RIS ST 72,1.3820461,103.9368411
443C FAJAR RD,1.3847949,103.7700923
144 BISHAN ST 12,1.3459243,103.8533738
609 JURONG WEST ST 65,1.3379407,103.7006585
103 BEDOK RESERVOIR RD,1.3287662,103.9094598
48 BENDEMEER RD,1.3231279,103.8661901
7 BOON KENG RD,1.3168213,103.8618567
708 JURONG WEST ST 71,1.3420573,103.6943521
476 ANG MO KIO AVE 10,1.3624489,103.8578127
639 ROWELL RD,1.3077792,103.8552814
121 LOR 2 TOA PAYOH,1.3391224,103.8463168
476D CHOA CHU KANG AVE 5,1.3773113,103.7383069
54 LENGKOK BAHRU,1.2891649,103.813679
850 JURONG WEST ST 81,1.3463667,103.6918399
415 TAMPINES ST 41,1.3593618,103.9469842
429A YISHUN AVE 11,1.4220918,103.8495691
172C EDGEDALE PLAINS,1.3954612,103.9123599
164A RIVERVALE CRES,1.3899808,103.9073714
670 CHOA CHU KANG CRES,1.4030491,103.7477884
205 BISHAN ST 23,1.3553851,103.8477347
261 BISHAN ST 22,1.3593847,103.8432282
428B YISHUN AVE 11,1.4221474,103.847516
643 HOUGANG AVE 8,1.3715437,103.8806396
555 HOUGANG ST 51,1.379654,103.889735
906 TAMPINES AVE 4,1.3505453,103.9399136
150 MEI LING ST,1.2949799,103.8036496
726 WOODLANDS CIRCLE,1.4441204,103.7995747
835 JURONG WEST ST 81,1.3436249,103.6937598
354 CHOA CHU KANG CTRL,1.3825953,103.743602
93 GEYLANG BAHRU,1.3222449,103.8716684
161 WOODLANDS ST 13,1.4333428,103.773679
467 ANG MO KIO AVE 10,1.3654591,103.856635
271 CHOA CHU KANG AVE 2,1.3786483,103.7423678
720 PASIR RIS ST 72,1.3818524,103.9364917
443 ANG MO KIO AVE 10,1.3661499,103.8552754
783 YISHUN RING RD,1.4218416,103.832511
608 SENJA RD,1.3827624,103.7612349
911 TAMPINES ST 91,1.349888,103.9398629
609 CHOA CHU KANG ST 62,1.3993272,103.7446203
645 PASIR RIS DR 10,1.3785302,103.9377381
665 YISHUN AVE 4,1.4197441,103.840624
682C WOODLANDS DR 73,1.4407886,103.8041929
264 WATERLOO ST,1.299144,103.852039
231 CHOA CHU KANG CTRL,1.3800882,103.7460459
339 UBI AVE 1,1.3265763,103.9021646
18C CIRCUIT RD,1.3293675,103.888892
387 TAMPINES ST 32,1.3552842,103.9587919
272C JURONG WEST ST 24,1.3508361,103.7047899
723 JURONG WEST AVE 5,1.3445073,103.6964007
895A TAMPINES ST 81,1.3476608,103.9324808
111 CLEMENTI ST 13,1.3232599,103.7712346
480 PASIR RIS DR 4,1.3748399,103.9592831
53 CHIN SWEE RD,1.2872463,103.841285
485A TAMPINES AVE 9,1.3600201,103.9557119
169A PUNGGOL FIELD,1.3935426,103.914651
273 CHOA CHU KANG AVE 2,1.3791754,103.7431021
127D KIM TIAN RD,1.2811597,103.8300039
220A BEDOK CTRL,1.3257543,103.9346514
523 ANG MO KIO AVE 5,1.3729903,103.8528755
211D COMPASSVALE LANE,1.3850197,103.8999897
1 REDHILL CL,1.2843244,103.8178077
50 TELOK BLANGAH DR,1.2730871,103.8100803
53 TANGLIN HALT RD,1.2994231,103.7989947
110A PUNGGOL FIELD,1.39607,103.9093721
653 YISHUN AVE 4,1.4231612,103.8396276
17 JOO SENG RD,1.3362485,103.8809156
199A PUNGGOL FIELD,1.3997154,103.9058367
186B RIVERVALE DR,1.3925955,103.905333
145 BT BATOK ST 11,1.3500061,103.7438089
109B DEPOT RD,1.2810522,103.8092699
323 YISHUN CTRL,1.4282319,103.8412354
290C COMPASSVALE CRES,1.3969621,103.8974297
109B EDGEDALE PLAINS,1.3953934,103.9099322
106 BEDOK NTH AVE 4,1.334388,103.9370129
813 JELLICOE RD,1.3074269,103.862054
28A DOVER CRES,1.3049022,103.7821896
684D WOODLANDS DR 73,1.4413742,103.8044646
966 HOUGANG AVE 9,1.3782987,103.8781974
229 COMPASSVALE WALK,1.3885891,103.9007483
216A COMPASSVALE DR,1.3907834,103.8932833
273 PASIR RIS ST 21,1.3646976,103.9640049
573 CHOA CHU KANG ST 52,1.3943536,103.7454123
337 CLEMENTI AVE 2,1.3159525,103.7690618
3 ROCHOR RD,1.3027038,103.8552117
252 JURONG EAST ST 24,1.3430725,103.7381938
6 FARRER RD,1.3173316,103.808029
53 TELOK BLANGAH DR,1.2742801,103.8113923
217D SUMANG WALK,1.4022032,103.8959847
8 GHIM MOH RD,1.3106523,103.7876222
259B COMPASSVALE RD,1.3939384,103.8974977
522 BEDOK NTH AVE 1,1.3306412,103.9269518
133A CASHEW RD,1.3746461,103.7703322
42 BEDOK STH RD,1.3214934,103.9407278
27 MARSILING DR,1.4422955,103.7741317
431C YISHUN AVE 1,1.4201968,103.8475762
212B PUNGGOL WALK,1.4004965,103.8992422
201A PUNGGOL FIELD,1.4001506,103.9035013
147 BT BATOK WEST AVE 6,1.3495494,103.7436052
49 STRATHMORE AVE,1.2941493,103.8083586
250A COMPASSVALE ST,1.39164,103.899895
108 SIMEI ST 1,1.3430331,103.9510409
168 PETIR RD,1.3777236,103.7648068
230 SERANGOON AVE 4,1.3561628,103.8696179
14 JLN BT MERAH,1.2879364,103.8077247
532 JELAPANG RD,1.3847618,103.7647163
419 JURONG WEST ST 42,1.3509993,103.7271779
545 HOUGANG AVE 8,1.3772298,103.8920138
7 ST. GEORGE'S LANE,1.3237065,103.8590267
221 HOUGANG ST 21,1.3565848,103.8836567
253A ANG MO KIO ST 21,1.37006,103.8341703
105 ALJUNIED CRES,1.3195167,103.8827712
423 HOUGANG AVE 6,1.3747618,103.8939636
377 CLEMENTI AVE 5,1.3174149,103.768382
667A PUNGGOL DR,1.4025791,103.9140139
553 CHOA CHU KANG NTH 6,1.3957908,103.7433423
99 OLD AIRPORT RD,1.3085511,103.8879831
603A PUNGGOL RD,1.4036223,103.9082399
596D ANG MO KIO ST 52,1.3718971,103.850947
119 BEDOK NTH RD,1.3302075,103.9387352
332 HOUGANG AVE 5,1.3684749,103.8979961
30 TEBAN GDNS RD,1.3208607,103.7390903
228 SIMEI ST 4,1.3424926,103.9558909
175 WOODLANDS ST 13,1.4336175,103.7777882
830 YISHUN ST 81,1.4141182,103.8339891
537 BT PANJANG RING RD,1.3838364,103.7631094
242 PASIR RIS ST 21,1.3714914,103.9625282
621 CHOA CHU KANG ST 62,1.3991659,103.7470642
25B JLN MEMBINA,1.2837446,103.8252941
108 HOUGANG AVE 1,1.3528683,103.8897114
23 HAIG RD,1.3136031,103.8953669
474 SEMBAWANG DR,1.4508239,103.816577
134 BEDOK NTH ST 2,1.3336877,103.9319624
467B FERNVALE LINK,1.3981791,103.8779482
404 BEDOK NTH AVE 3,1.3293572,103.9339311
307 HOUGANG AVE 5,1.3666973,103.8951417
227 JURONG EAST ST 21,1.3418633,103.7360575
154 BISHAN ST 13,1.3465717,103.8553668
510 BEDOK NTH ST 3,1.3322416,103.9310472
549 JURONG WEST ST 42,1.353028,103.7161201
829 JURONG WEST ST 81,1.3449621,103.6940564
103 PASIR RIS ST 12,1.3665712,103.9587114
34 JLN BT HO SWEE,1.2881222,103.827015
201B TAMPINES ST 21,1.3530815,103.9532402
92 PIPIT RD,1.3234235,103.8873262
683B JURONG WEST CTRL 1,1.3423284,103.7050028
359 CLEMENTI AVE 2,1.3134596,103.7698766
438 HOUGANG AVE 8,1.3780314,103.8931413
415 SERANGOON CTRL,1.3497557,103.874483
740 PASIR RIS ST 71,1.3780283,103.9359252
178 EDGEFIELD PLAINS,1.3993301,103.9088708
171A EDGEDALE PLAINS,1.3945818,103.9123599
450 JURONG WEST ST 42,1.3521946,103.7175617
142 MARSILING RD,1.4369917,103.7771194
325 TAH CHING RD,1.33606,103.7231035
280 TAMPINES ST 22,1.3475421,103.9516746
548 PASIR RIS ST 51,1.3683892,103.9535515
665B JURONG WEST ST 64,1.3397592,103.702718
616 ANG MO KIO AVE 4,1.3777243,103.8391521
246 COMPASSVALE RD,1.3926463,103.8990835
463 HOUGANG AVE 10,1.372594,103.8950963
495D TAMPINES ST 43,1.3637249,103.9520607
304B ANCHORVALE LINK,1.388576,103.889256
316D PUNGGOL WAY,1.4086538,103.8972074
612 CHOA CHU KANG ST 62,1.4000634,103.7441677
212 PASIR RIS ST 21,1.3678288,103.9607411
124B BT MERAH VIEW,1.285292,103.8231205
352B CANBERRA RD,1.4503686,103.8198672
34 CIRCUIT RD,1.3291483,103.8874848
156 YUNG LOH RD,1.3281568,103.7217574
356B ADMIRALTY DR,1.4491639,103.8175197
609 CLEMENTI WEST ST 1,1.3041176,103.7654405
305 CHOA CHU KANG AVE 4,1.3843041,103.7429005
821 YISHUN ST 81,1.4132364,103.8342609
30 BALAM RD,1.3296995,103.887077
986A JURONG WEST ST 93,1.3372268,103.6951801
46 TELOK BLANGAH DR,1.2717906,103.8098756
512 WOODLANDS DR 14,1.4342776,103.7887993
521 ANG MO KIO AVE 5,1.3735839,103.8516073
510B WELLINGTON CIRCLE,1.4538972,103.8208254
148 BISHAN ST 11,1.344233,103.854642
43 HOLLAND DR,1.3071086,103.7932361
642C PUNGGOL DR,1.3986239,103.916164
233 ANG MO KIO AVE 3,1.3676276,103.8367174
717A WOODLANDS DR 70,1.4406552,103.799054
517 BEDOK NTH AVE 2,1.3305611,103.9295274
13 EUNOS CRES,1.3227281,103.903388
402 ANG MO KIO AVE 10,1.3615121,103.855295
283 TOH GUAN RD,1.3391962,103.7468153
547B SEGAR RD,1.3884393,103.769007
614A EDGEFIELD PLAINS,1.4036644,103.9092946
704 JURONG WEST ST 71,1.3409764,103.6953314
989B JURONG WEST ST 93,1.3359284,103.6948458
161 PASIR RIS ST 13,1.363667,103.9618517
114 JURONG EAST ST 13,1.3392112,103.7345734
545 WOODLANDS DR 16,1.4288843,103.7941669
270C PUNGGOL FIELD,1.404177,103.898748
683B WOODLANDS DR 62,1.440945,103.8026535
526 CHOA CHU KANG ST 51,1.3913504,103.7417238
684C WOODLANDS DR 62,1.4415238,103.8040118
165B PUNGGOL CTRL,1.3952106,103.9144217
6A BOON TIONG RD,1.2869283,103.8313625
2A BOON TIONG RD,1.2872311,103.8330844
36 CASSIA CRES,1.3098629,103.885199
409B FERNVALE RD,1.3895967,103.8768977
558 JURONG WEST ST 42,1.3541803,103.7175587
7 REDHILL CL,1.2849372,103.817612
360 HOUGANG AVE 5,1.3695507,103.8956854
154 GANGSA RD,1.3748817,103.7650558
404 ADMIRALTY LINK,1.4536497,103.8167129
538 WOODLANDS DR 16,1.429634,103.792059
476 JURONG WEST ST 41,1.3476652,103.7241229
60 NEW UPP CHANGI RD,1.3225114,103.9412733
60 TEBAN GDNS RD,1.3226871,103.7384742
855 JURONG WEST ST 81,1.3469201,103.6962452
160 JLN TECK WHYE,1.3807787,103.7563879
22 REDHILL CL,1.286655,103.8179808
892 TAMPINES AVE 8,1.3487875,103.9296358
107 ALJUNIED CRES,1.3189215,103.8842245
655 SENJA RD,1.387275,103.7643316
189 BISHAN ST 13,1.3502539,103.8517432
671A KLANG LANE,1.3087908,103.851943
23 TELOK BLANGAH CRES,1.2761723,103.8207692
145 LOR AH SOO,1.3510674,103.8826878
163B PUNGGOL CTRL,1.3957361,103.913675
950 JURONG WEST ST 91,1.3433432,103.6908646
673 HOUGANG AVE 8,1.3726194,103.8846305
495C TAMPINES ST 43,1.363215,103.9516074
501 HOUGANG AVE 8,1.3723807,103.886481
540 JURONG WEST AVE 1,1.3506837,103.7153883
153 GANGSA RD,1.3750816,103.76535
269A COMPASSVALE LINK,1.3839919,103.8956505
489B CHOA CHU KANG AVE 5,1.3757388,103.7396532
252 BISHAN ST 22,1.3620179,103.8438625
272A SENGKANG CTRL,1.385566,103.8937603
828 JURONG WEST ST 81,1.3451694,103.6930385
826 WOODLANDS ST 81,1.4392828,103.789501
288B PUNGGOL PL,1.402527,103.90289
203 BEDOK NTH ST 1,1.3257572,103.9291728
335 KANG CHING RD,1.3391483,103.7231471
19 JOO SENG RD,1.3346769,103.8809866
690A CHOA CHU KANG CRES,1.4028507,103.7517119
566 HOUGANG ST 51,1.3813229,103.8887189
484 PASIR RIS DR 4,1.3736564,103.9605494
402 BEDOK NTH AVE 3,1.3305299,103.9335685
178C RIVERVALE CRES,1.3887301,103.9105474
70 BEDOK STH RD,1.3200234,103.9429035
222 JURONG EAST ST 21,1.3408153,103.7358405
126 BISHAN ST 12,1.3461695,103.8521282
351B CANBERRA RD,1.4508389,103.8200638
428 HOUGANG AVE 6,1.3751094,103.8929255
807 KING GEORGE'S AVE,1.3093949,103.861375
323C SENGKANG EAST WAY,1.3929979,103.8924005
550 SERANGOON NTH AVE 3,1.3662874,103.8725945
309 BT BATOK ST 31,1.358268,103.7487614
206 CHOA CHU KANG CTRL,1.3806796,103.7483315
145 WOODLANDS ST 13,1.4360984,103.7731811
224 CHOA CHU KANG CTRL,1.3807004,103.7448013
210 ANG MO KIO AVE 3,1.3686147,103.8432282
9B BOON TIONG RD,1.2866304,103.8290302
67 KALLANG BAHRU,1.3217528,103.8691372
567 PASIR RIS ST 51,1.3692329,103.9493411
414 ANG MO KIO AVE 10,1.3640848,103.8536456
458 CHOA CHU KANG AVE 4,1.3782589,103.736112
488 JURONG WEST AVE 1,1.3491729,103.7262726
219 CHOA CHU KANG CTRL,1.3827489,103.7455254
308 CANBERRA RD,1.4463342,103.8213997
124 TAMPINES ST 11,1.3455857,103.9494318
432 ANG MO KIO AVE 10,1.3683258,103.8535532
50 SIMS DR,1.3165098,103.8783809
42 KIM CHENG ST,1.2844408,103.8316342
44 MOH GUAN TER,1.2844438,103.8310907
221A JURONG EAST ST 21,1.3407395,103.7362931
111 WHAMPOA RD,1.3265691,103.85621
319 JURONG EAST ST 31,1.3479581,103.7305035
102B PUNGGOL FIELD,1.3992418,103.9052911
148 POTONG PASIR AVE 1,1.3326694,103.8680478
59 SIMS DR,1.3187112,103.8801033
63 NEW UPP CHANGI RD,1.3237658,103.9399086
672A JURONG WEST ST 65,1.343877,103.7009102
316B PUNGGOL WAY,1.4090175,103.8980188
122 LOR 2 TOA PAYOH,1.3398151,103.846308
438 JURONG WEST AVE 1,1.3513848,103.7236936
139 YISHUN RING RD,1.4316584,103.8313715
103 LENGKONG TIGA,1.3259006,103.9106553
477 PASIR RIS DR 6,1.3748191,103.9582253
463A SEMBAWANG DR,1.4553271,103.8142807
8 TELOK BLANGAH CRES,1.2778549,103.8194072
292 TAMPINES ST 22,1.3501597,103.9557776
273 TOH GUAN RD,1.3425375,103.7452765
807B CHAI CHEE RD,1.3276198,103.9233317
10 REDHILL CL,1.2850222,103.8161233
80 STRATHMORE AVE,1.2946002,103.8094679
352 HOUGANG AVE 7,1.3720945,103.8990382
128 POTONG PASIR AVE 1,1.3347765,103.8658077
488B TAMPINES ST 45,1.3604257,103.9570738
542 CHOA CHU KANG ST 52,1.3934599,103.7446203
444 JURONG WEST AVE 1,1.352045,103.7193687
809A CHOA CHU KANG AVE 1,1.3746169,103.7446203
104 TECK WHYE LANE,1.3770435,103.7529433
204A COMPASSVALE DR,1.3882567,103.8946725
122 SERANGOON NTH AVE 1,1.3666691,103.8712929
168 LOR 1 TOA PAYOH,1.3319248,103.8434952
505 PASIR RIS ST 52,1.3766605,103.9451007
450F TAMPINES ST 42,1.357934,103.9532392
127 HOUGANG AVE 1,1.3529118,103.8857179
10 UPP BOON KENG RD,1.3142776,103.8718536
876 YISHUN ST 81,1.4146956,103.8355289
119 HOUGANG AVE 1,1.3539986,103.8877115
985B BUANGKOK CRES,1.3811783,103.8798729
641 YISHUN ST 61,1.4208406,103.8382463
811 TAMPINES AVE 4,1.3468286,103.9371036
663 CHOA CHU KANG CRES,1.4019304,103.750866
4B BOON TIONG RD,1.2867059,103.8319059
55 LOR 5 TOA PAYOH,1.3373722,103.8510185
208 YISHUN ST 21,1.4309448,103.8379998
721 BEDOK RESERVOIR RD,1.3362813,103.9259548
343 CLEMENTI AVE 5,1.3177716,103.770963
416 ANG MO KIO AVE 10,1.3645847,103.8550943
401 HOUGANG AVE 10,1.3748385,103.8969522
677A PUNGGOL DR,1.4053023,103.909188
632 HOUGANG AVE 8,1.3708098,103.8809111
362 TAMPINES ST 34,1.3562754,103.9613984
17 JLN TENTERAM,1.3282425,103.8599784
404 JURONG WEST ST 42,1.353858,103.7226267
126C KIM TIAN RD,1.2822322,103.8293203
67 BEDOK STH AVE 3,1.3189109,103.9440848
548A SEGAR RD,1.3889932,103.768247
355 HOUGANG AVE 7,1.3720476,103.8983059
642 JURONG WEST ST 61,1.3404572,103.6959316
247 SIMEI ST 5,1.3440239,103.9536925
886A WOODLANDS DR 50,1.4383314,103.7946803
927 TAMPINES ST 91,1.346344,103.940079
23 DOVER CRES,1.3074368,103.7836157
669 HOUGANG AVE 8,1.3734284,103.8840869
303 SHUNFU RD,1.3498991,103.8382496
253 SIMEI ST 1,1.3422007,103.9526046
724 WOODLANDS AVE 6,1.4445355,103.7986014
274C PUNGGOL PL,1.403291,103.9021199
928 YISHUN CTRL 1,1.4270808,103.8375217
57 HAVELOCK RD,1.2901796,103.8285321
216B COMPASSVALE DR,1.390587,103.8937803
841 TAMPINES ST 83,1.3515282,103.9345656
838 WOODLANDS ST 82,1.4418968,103.7911535
902 JURONG WEST ST 91,1.3392664,103.6863407
77 INDUS RD,1.2910384,103.8271276
275A JURONG WEST ST 25,1.3524557,103.7021072
620 CHOA CHU KANG ST 62,1.3997527,103.7470642
725 PASIR RIS ST 72,1.3812525,103.9357439
7 UPP ALJUNIED LANE,1.3347419,103.8787246
134 PASIR RIS ST 11,1.3651088,103.9563895
521 BEDOK NTH AVE 1,1.330224,103.9270163
65 JLN MA'MOR,1.3283834,103.8577236
407 BEDOK NTH AVE 3,1.3284076,103.9336591
624C PUNGGOL CTRL,1.400152,103.9123599
298 TAMPINES ST 22,1.3517758,103.9547804
365D UPP SERANGOON RD,1.3696731,103.8966595
18D CIRCUIT RD,1.329468,103.8891611
747 YISHUN ST 72,1.4282946,103.8334504
329 WOODLANDS ST 32,1.4303572,103.778817
254 CHOA CHU KANG AVE 2,1.3782308,103.7440093
504 JURONG WEST ST 51,1.3495929,103.718993
734 WOODLANDS CIRCLE,1.4439831,103.7980353
521 HOUGANG AVE 6,1.3734614,103.8908827
112 BISHAN ST 12,1.3464546,103.8488872
926 YISHUN CTRL 1,1.4278609,103.8379486
713 PASIR RIS ST 72,1.382647,103.9376338
1E CANTONMENT RD,1.2766392,103.8411766
217A COMPASSVALE DR,1.3893468,103.8937595
467 JURONG WEST ST 41,1.3495424,103.7225394
302D ANCHORVALE LINK,1.3882866,103.8897727
262 BT BATOK EAST AVE 4,1.3506309,103.7593107
671A JURONG WEST ST 65,1.3441618,103.702358
138 TAMPINES ST 11,1.3454615,103.9456244
274 PASIR RIS ST 21,1.364184,103.9641862
470C FERNVALE LINK,1.3963755,103.8792443
474 CHOA CHU KANG AVE 3,1.3786839,103.7386464
262 JURONG EAST ST 24,1.3437354,103.7409344
886D WOODLANDS DR 50,1.4379269,103.7947941
927 YISHUN CTRL 1,1.4276419,103.8377674
609 YISHUN ST 61,1.4210319,103.8358728
452A SENGKANG WEST WAY,1.3935381,103.8744653
201C PUNGGOL FIELD,1.399327,103.903734
472 SEMBAWANG DR,1.4516525,103.8161469
405A FERNVALE LANE,1.3891623,103.8737575
641 ROWELL RD,1.3083007,103.8550777
5 LOR LEW LIAN,1.3514125,103.8762221
710 ANG MO KIO AVE 8,1.3717882,103.8477922
43 CAMBRIDGE RD,1.3154575,103.8493658
424 CLEMENTI AVE 1,1.3096132,103.7706461
52 STIRLING RD,1.2968004,103.803328
546A SEGAR RD,1.3886142,103.7703292
343 WOODLANDS AVE 1,1.4317406,103.7806735
937 TAMPINES AVE 5,1.3472408,103.9417265
196B PUNGGOL FIELD,1.3989746,103.9069654
31 MARSILING DR,1.4430055,103.7720947
7 JLN BT MERAH,1.2874633,103.8080322
978D BUANGKOK CRES,1.3801212,103.8793727
974 HOUGANG ST 91,1.3776276,103.8792821
835 HOUGANG CTRL,1.3701578,103.8905123
216 BT BATOK ST 21,1.3471667,103.7534939
12A MARSILING LANE,1.441353,103.77841
304 HOUGANG AVE 5,1.3678595,103.8952379
13 REDHILL CL,1.2854175,103.8169393
60 GEYLANG BAHRU,1.3227924,103.8692712
86 DAWSON RD,1.2956741,103.8103377
403 ANG MO KIO AVE 10,1.3613694,103.8545514
944 JURONG WEST ST 91,1.3446572,103.6897132
313B ANCHORVALE RD,1.3913689,103.8880027
326 SEMBAWANG CRES,1.4448875,103.8192186
756 YISHUN ST 72,1.4265955,103.8329022
611 WOODLANDS RING RD,1.4354567,103.7969713
277A COMPASSVALE LINK,1.381886,103.894502
778 PASIR RIS ST 71,1.3744073,103.938214
239 JURONG EAST ST 21,1.3409328,103.7409092
151 SERANGOON NTH AVE 2,1.3690964,103.8726749
315A YISHUN AVE 9,1.4324057,103.8425941
42 STIRLING RD,1.2982967,103.8024045
531 SERANGOON NTH AVE 4,1.3748122,103.8750065
458 YISHUN AVE 11,1.4206573,103.8461809
478 SEMBAWANG DR,1.4525509,103.8163053
188B RIVERVALE DR,1.3949449,103.9053097
815C CHOA CHU KANG AVE 7,1.376085,103.7473968
319 HOUGANG AVE 5,1.3657345,103.896954
645 JLN TENAGA,1.3317107,103.9067336
260A ANG MO KIO ST 21,1.3690182,103.8337854
296C COMPASSVALE CRES,1.3975166,103.8996726
208 ANG MO KIO AVE 1,1.3654531,103.8427349
477 SEGAR RD,1.3893302,103.7732263
202B PUNGGOL FIELD,1.399083,103.904194
164B RIVERVALE CRES,1.3897127,103.9072185
279C SENGKANG EAST AVE,1.3857605,103.8925138
535 CHOA CHU KANG ST 51,1.3914129,103.7441183
140 LOR AH SOO,1.3525618,103.883728
864 WOODLANDS ST 83,1.440918,103.7951376
301 HOUGANG AVE 5,1.367804,103.8937824
275 CHOA CHU KANG AVE 2,1.3793957,103.7422669
56 C'WEALTH DR,1.296245,103.799522
250 PASIR RIS ST 21,1.3703745,103.9620899
104 SERANGOON NTH AVE 1,1.3705717,103.8710439
313 JURONG EAST ST 32,1.347209,103.7333996
250D COMPASSVALE ST,1.393227,103.8999897
436 JURONG WEST AVE 1,1.3520927,103.7229014
724 YISHUN ST 71,1.4265469,103.829743
828 YISHUN ST 81,1.4150778,103.8329928
325 CLEMENTI AVE 5,1.315087,103.7667985
130 BISHAN ST 12,1.345939,103.8508373
644 JURONG WEST ST 61,1.339284,103.6961125
175 BOON LAY DR,1.3467415,103.70953
259 BOON LAY DR,1.3455194,103.7086927
102 ANG MO KIO AVE 3,1.3706163,103.8392427
486 CHOA CHU KANG AVE 5,1.3754599,103.7383748
368 WOODLANDS AVE 1,1.4331895,103.7867168
61 NEW UPP CHANGI RD,1.3228071,103.9407294
496E TAMPINES AVE 9,1.3611206,103.949817
840 JURONG WEST ST 81,1.3442221,103.6921335
371 TAMPINES ST 34,1.357024,103.958588
755 CHOA CHU KANG NTH 5,1.3923331,103.7460459
187A RIVERVALE DR,1.393737,103.905399
31 TELOK BLANGAH RISE,1.2724325,103.8209836
523C TAMPINES CTRL 7,1.3600683,103.9389165
99B LOR 2 TOA PAYOH,1.3391078,103.84689
517A JURONG WEST ST 52,1.345202,103.7212896
130 MARSILING RISE,1.4381562,103.7787491
535 SERANGOON NTH AVE 4,1.3736279,103.8739412
203 PETIR RD,1.372896,103.7755803
331 JURONG EAST AVE 1,1.3508393,103.7304816
534 SERANGOON NTH AVE 4,1.3742658,103.8745082
121 BISHAN ST 12,1.3472738,103.8510864
421 CLEMENTI AVE 1,1.3091484,103.7686997
531 JELAPANG RD,1.385697,103.7640572
542 ANG MO KIO AVE 10,1.3746947,103.8558197
621 YISHUN RING RD,1.418718,103.834919
128D PUNGGOL FIELD WALK,1.3929717,103.9119974
145 MEI LING ST,1.2938668,103.8048993
403 WOODLANDS ST 41,1.430636,103.7722305
662D JURONG WEST ST 64,1.3369737,103.7042566
448 ANG MO KIO AVE 10,1.3674385,103.8563633
847 JURONG WEST ST 81,1.3453944,103.6921338
342 WOODLANDS AVE 1,1.4319568,103.7811251
85 C'WEALTH CL,1.352083,103.819836
213B COMPASSVALE LANE,1.3856303,103.9008439
308B ANCHORVALE RD,1.38993,103.886585
543 ANG MO KIO AVE 10,1.3743257,103.8562727
118 EDGEFIELD PLAINS,1.3964757,103.9063102
332 SEMBAWANG CL,1.4467103,103.8169846
476A CHOA CHU KANG AVE 5,1.3765471,103.7380516
979C BUANGKOK CRES,1.3795663,103.879871
506 BT BATOK ST 52,1.3522237,103.7546729
391 TAMPINES AVE 7,1.3555647,103.957772
305 TAMPINES ST 32,1.3524282,103.9558682
987B JURONG WEST ST 93,1.336661,103.694846
226 BT BATOK CTRL,1.3487793,103.7531999
192A RIVERVALE DR,1.3943368,103.9034604
136 TECK WHYE LANE,1.3798518,103.7519523
147 TAMPINES AVE 5,1.3493575,103.9421007
980 JURONG WEST ST 93,1.3391514,103.6936695
115 HOUGANG AVE 1,1.3527849,103.88785
358 YISHUN RING RD,1.4268818,103.8460363
48 JLN BAHAGIA,1.3277905,103.8564368
104 LENGKONG TIGA,1.3233079,103.9109383
844 TAMPINES ST 82,1.3519563,103.9364691
626 WOODLANDS AVE 6,1.4336921,103.8004802
57 CHAI CHEE DR,1.3259234,103.9203354
155 GANGSA RD,1.3753213,103.7651011
542 HOUGANG AVE 8,1.3770093,103.8918286
6 REDHILL CL,1.2847502,103.8171227
842F TAMPINES ST 82,1.35198,103.937852
275 PASIR RIS ST 21,1.3642906,103.9647302
82A LOR 4 TOA PAYOH,1.3359933,103.848935
605 WOODLANDS DR 42,1.4373269,103.7971977
295 TAMPINES ST 22,1.3508232,103.9549617
658 JLN TENAGA,1.3336872,103.906288
466 JURONG WEST ST 41,1.3499814,103.72263
256 SIMEI ST 1,1.3429191,103.9517661
111 EDGEFIELD PLAINS,1.3969199,103.9066297
679 HOUGANG AVE 8,1.3715013,103.8847891
837 TAMPINES ST 83,1.3508704,103.9343843
717 JURONG WEST ST 71,1.3434648,103.6972388
747C BEDOK RESERVOIR CRES,1.3367807,103.9207397
310 BT BATOK ST 32,1.3595859,103.7489425
275D COMPASSVALE LINK,1.3824826,103.8940103
201 BISHAN ST 23,1.3553343,103.8470327
312B SUMANG LINK,1.411233,103.9006538
588C ANG MO KIO ST 52,1.3718689,103.8535776
646 HOUGANG AVE 8,1.3719093,103.880825
430 CHOA CHU KANG AVE 4,1.3838159,103.7410896
261D SENGKANG EAST WAY,1.3938815,103.8947326
359 ADMIRALTY DR,1.4496709,103.8160563
225 BISHAN ST 23,1.3587001,103.8475762
462 ANG MO KIO AVE 10,1.3669161,103.8579939
739 JURONG WEST ST 73,1.3463562,103.7000738
603 ELIAS RD,1.3769384,103.9436528
157 HOUGANG ST 11,1.3530747,103.8797604
254 KIM KEAT AVE,1.3317496,103.8582953
489D CHOA CHU KANG AVE 5,1.3759676,103.7403143
723 BEDOK RESERVOIR RD,1.336844,103.9293101
201 TOA PAYOH NTH,1.3410918,103.8502712
243 BT PANJANG RING RD,1.380629,103.7713503
684 RACE COURSE RD,1.3141617,103.8563802
408 SEMBAWANG DR,1.4534969,103.8176638
822 JURONG WEST ST 81,1.3468512,103.6935818
327A ANCHORVALE RD,1.3953106,103.888708
110 LOR 1 TOA PAYOH,1.3414985,103.8463986
161 LOR 1 TOA PAYOH,1.3305263,103.8449493
110B PUNGGOL FIELD,1.395793,103.9097035
456 PASIR RIS DR 4,1.3721056,103.9588599
151 YISHUN ST 11,1.4308782,103.8341906
120 BT MERAH VIEW,1.282809,103.8225771
206 BT BATOK ST 21,1.3466907,103.7493662
524 JURONG WEST ST 52,1.3472282,103.7172901
426 HOUGANG AVE 6,1.3736967,103.8929855
903 JURONG WEST ST 91,1.3394877,103.6860693
95 LOR 4 TOA PAYOH,1.3388478,103.8490256
646 YISHUN ST 61,1.4221191,103.8376274
126 PENDING RD,1.3763748,103.769786
782E WOODLANDS CRES,1.4478324,103.8025265
487 ADMIRALTY LINK,1.4556913,103.8160563
197D BOON LAY DR,1.3435121,103.7137538
624B PUNGGOL CTRL,1.4007245,103.9116122
176 BOON LAY DR,1.3472885,103.7098629
687 HOUGANG ST 61,1.3762251,103.8850156
8B UPP BOON KENG RD,1.3126024,103.8700432
152 SERANGOON NTH AVE 1,1.3697398,103.8726988
588A ANG MO KIO ST 52,1.3720758,103.8526491
405 BT BATOK WEST AVE 7,1.3657248,103.7455028
10 YUNG KUANG RD,1.3314272,103.7220258
147 PASIR RIS ST 13,1.3631539,103.9619424
92A PIPIT RD,1.3232572,103.8876207
5 PINE CL,1.3071176,103.8828149
6 BEDOK STH AVE 2,1.3221825,103.9348375
111 BEDOK NTH RD,1.3314701,103.935472
357 YUNG AN RD,1.336689,103.721047
112 BEDOK NTH RD,1.3310316,103.9353813
27 DOVER CRES,1.3054926,103.7812842
11 TOH YI DR,1.3380482,103.7726837
497F TAMPINES ST 45,1.35973,103.9590413
86 TELOK BLANGAH HTS,1.2766535,103.8085171
81 BEDOK NTH RD,1.3288806,103.9404575
114 BT BATOK WEST AVE 6,1.3488852,103.7460004
275 BANGKIT RD,1.3768586,103.7747655
798 WOODLANDS DR 72,1.4437287,103.8035591
123B RIVERVALE DR,1.3862138,103.9024818
638 ANG MO KIO AVE 6,1.3804599,103.8435976
537 SERANGOON NTH AVE 4,1.3739352,103.8731175
603 CLEMENTI WEST ST 1,1.3049124,103.7672512
326 JURONG EAST ST 31,1.3490622,103.7295986
646 JLN TENAGA,1.3312733,103.9061067
948 JURONG WEST ST 91,1.3445032,103.6910251
662 CHOA CHU KANG CRES,1.401417,103.750866
609 ELIAS RD,1.3756658,103.9426384
508B WELLINGTON CIRCLE,1.4528167,103.8207883
617 WOODLANDS AVE 4,1.4339477,103.7957256
5 CHANGI VILLAGE RD,1.388509,103.9870326
340 CHOA CHU KANG LOOP,1.3841659,103.7454915
8 YUNG KUANG RD,1.3308199,103.722387
177 YUNG SHENG RD,1.3334086,103.7214276
227 YISHUN ST 21,1.4351388,103.8366838
211 ANG MO KIO AVE 3,1.3692101,103.8416002
414 SERANGOON CTRL,1.3487296,103.8744141
405 YISHUN AVE 6,1.4268254,103.8492521
11 JOO SENG RD,1.3350731,103.880717
319 UBI AVE 1,1.3282699,103.9035013
183C RIVERVALE CRES,1.3908936,103.9085849
413 SERANGOON CTRL,1.3491731,103.8739394
136 MARSILING RD,1.4385524,103.7777004
255 BANGKIT RD,1.3796833,103.7729013
306 BT BATOK ST 31,1.3582569,103.7475168
430A YISHUN AVE 11,1.4213951,103.8484928
255 TAMPINES ST 21,1.3527535,103.9503383
476 SEMBAWANG DR,1.4515191,103.8169393
160 BEDOK STH AVE 3,1.3193234,103.9451631
288B JURONG EAST ST 21,1.339146,103.7427873
465 TAMPINES ST 44,1.3596093,103.9546897
282B SENGKANG EAST AVE,1.3848844,103.8919701
612 YISHUN ST 61,1.4203442,103.8354384
225B COMPASSVALE WALK,1.387782,103.8990129
503B CANBERRA LINK,1.4501328,103.822003
272 BT BATOK EAST AVE 4,1.3488264,103.7578393
209 JURONG EAST ST 21,1.3378137,103.7400272
441 SIN MING AVE,1.3590868,103.8315436
295C COMPASSVALE CRES,1.3972207,103.9001257
48 MOH GUAN TER,1.2839965,103.8310614
663B JURONG WEST ST 65,1.3380073,103.7016321
91 C'WEALTH DR,1.296245,103.799522
308 JURONG EAST ST 32,1.3472998,103.7346213
425 BEDOK NTH RD,1.3293501,103.9288099
415A FERNVALE LINK,1.3890175,103.8794503
8 UPP BOON KENG RD,1.3130024,103.8704509
244 SERANGOON AVE 2,1.3525536,103.8687244
287 CHOA CHU KANG AVE 2,1.3793266,103.7415428
217 YISHUN ST 21,1.4326833,103.8361594
788 WOODLANDS AVE 6,1.4432995,103.801748
345 CHOA CHU KANG LOOP,1.3828455,103.7446882
156 YISHUN ST 11,1.4319472,103.8336268
683D WOODLANDS DR 62,1.4407954,103.8031063
15 TOH YI DR,1.3390886,103.7720268
114 MARSILING RISE,1.4388012,103.7812842
205 SERANGOON CTRL,1.3529078,103.8736774
124 BEDOK RESERVOIR RD,1.3327139,103.9100942
246 BISHAN ST 22,1.3607032,103.8432282
209B PUNGGOL PL,1.3999856,103.9009462
125 BT MERAH VIEW,1.2850692,103.8237545
608 HOUGANG AVE 4,1.3709297,103.885446
193 PASIR RIS ST 12,1.3665219,103.9587632
247 PASIR RIS ST 21,1.3706932,103.9623957
721 JURONG WEST AVE 5,1.3441178,103.6975623
540 PASIR RIS ST 51,1.3694261,103.9507236
203 JURONG EAST ST 21,1.336812,103.7425656
715 JURONG WEST ST 71,1.3424499,103.6957951
208 BISHAN ST 23,1.3549043,103.84855
185 BISHAN ST 13,1.3497371,103.8524679
473A UPP SERANGOON CRES,1.3767753,103.9003069
305 SHUNFU RD,1.3501094,103.8387898
27B JLN MEMBINA,1.2830159,103.8248541
764 WOODLANDS CIRCLE,1.4451644,103.7969487
586 WOODLANDS DR 16,1.4287854,103.794691
43 MOH GUAN TER,1.2846815,103.8310681
264 BT BATOK EAST AVE 4,1.349883,103.75903
342C YISHUN RING RD,1.4299749,103.844134
890C TAMPINES AVE 1,1.3473244,103.933813
925 TAMPINES ST 91,1.3463668,103.9410013
171 GANGSA RD,1.379,103.7663928
309B ANCHORVALE RD,1.3909363,103.8860104
175D PUNGGOL FIELD,1.3986396,103.9079192
372 TAMPINES ST 34,1.3563868,103.9580214
515B TAMPINES CTRL 7,1.356988,103.93866
267 YISHUN ST 22,1.4370487,103.8393332
402 PANDAN GDNS,1.3207458,103.7497798
82 MACPHERSON LANE,1.3323419,103.8857179
426 CHOA CHU KANG AVE 4,1.3805868,103.7391894
13 TECK WHYE LANE,1.3789305,103.7558349
251 PASIR RIS ST 21,1.3702538,103.9623957
823 WOODLANDS ST 82,1.440898,103.7894558
615B EDGEFIELD PLAINS,1.403755,103.909874
842 SIMS AVE,1.3179794,103.9017566
333 KANG CHING RD,1.3395137,103.7232828
813 JURONG WEST ST 81,1.345967,103.695721
362 WOODLANDS AVE 5,1.4337849,103.7853586
545 CHOA CHU KANG ST 52,1.3934296,103.7434585
859A TAMPINES AVE 5,1.3550951,103.93801
533 JURONG WEST ST 52,1.3489178,103.7164759
452 HOUGANG AVE 10,1.3784851,103.8961384
543 PASIR RIS ST 51,1.3692189,103.9516981
133 BEDOK RESERVOIR RD,1.3324839,103.9119068
640 HOUGANG AVE 8,1.3713225,103.8797411
751 YISHUN ST 72,1.427632,103.8340275
24 TIONG BAHRU RD,1.2857584,103.8313625
345 ANG MO KIO AVE 3,1.367515,103.849737
440A FERNVALE LINK,1.3933103,103.8787409
56 JLN MA'MOR,1.3282609,103.8565268
462 HOUGANG AVE 10,1.3722489,103.8946206
214 BISHAN ST 23,1.357525,103.8483894
116 JURONG EAST ST 13,1.3397966,103.7346639
139 BEDOK NTH AVE 3,1.3294215,103.935472
873 TAMPINES ST 84,1.3539396,103.9321862
8 ST. GEORGE'S LANE,1.323708,103.8598963
557 WOODLANDS DR 53,1.4328336,103.7968581
503C CANBERRA LINK,1.4505841,103.8226676
846 YISHUN RING RD,1.4167918,103.8345779
426D YISHUN AVE 11,1.4231794,103.8472552
708 HOUGANG AVE 2,1.3667326,103.8891611
104 JURONG EAST ST 13,1.3366371,103.7376509
543 WOODLANDS DR 16,1.428339,103.7938247
414 TAMPINES ST 41,1.3598054,103.946259
48 TELOK BLANGAH DR,1.2723476,103.810532
862 JURONG WEST ST 81,1.350136,103.6968813
142 TECK WHYE LANE,1.3808043,103.7520428
227 TAMPINES ST 23,1.3547028,103.9549617
32 TEBAN GDNS RD,1.3218253,103.7400945
15 JOO SENG RD,1.3353656,103.8798659
421 PASIR RIS DR 6,1.3711051,103.9546897
637D PUNGGOL DR,1.3991121,103.9154509
401 CLEMENTI AVE 1,1.306938,103.7681338
297 CHOA CHU KANG AVE 2,1.377098,103.7417965
232 BISHAN ST 22,1.3582718,103.8456739
203A PUNGGOL FIELD,1.3985422,103.9038958
22 JLN MEMBINA,1.2850349,103.8263036
110 PASIR RIS ST 11,1.3687521,103.9563215
867 WOODLANDS ST 83,1.4423099,103.7930771
108 WOODLANDS ST 13,1.4371846,103.7815558
273A PUNGGOL PL,1.4022658,103.9022099
780D WOODLANDS CRES,1.4489365,103.8010124
88 REDHILL CL,1.2859206,103.8185242
321C ANCHORVALE DR,1.3905754,103.8915621
127 BEDOK RESERVOIR RD,1.3331478,103.9110005
856D TAMPINES ST 82,1.3522353,103.9388258
710 HOUGANG AVE 2,1.3666668,103.8878925
305C ANCHORVALE LINK,1.3890483,103.8880284
676 CHOA CHU KANG CRES,1.4020396,103.7458962
404 CHOA CHU KANG AVE 3,1.3800942,103.7388047
354D ADMIRALTY DR,1.4509385,103.8188185
46 LENGKOK BAHRU,1.28705,103.8126376
141 POTONG PASIR AVE 3,1.3339857,103.8675042
653 SENJA LINK,1.3869654,103.7639921
495F TAMPINES ST 43,1.3644523,103.9528766
165 SIMEI RD,1.3456028,103.9590413
934 TAMPINES ST 91,1.3452736,103.9401855
805 CHAI CHEE RD,1.3245266,103.9215136
91 ZION RD,1.2907945,103.8339318
2B GEYLANG SERAI,1.3173707,103.8977063
271A PUNGGOL WALK,1.403669,103.9004883
309 SHUNFU RD,1.3509243,103.8382498
169 WOODLANDS ST 11,1.4333256,103.7764856
551 HOUGANG ST 51,1.3784165,103.8907355
930 TAMPINES ST 91,1.3459355,103.9396416
942 JURONG WEST ST 91,1.3435574,103.6896664
672D EDGEFIELD PLAINS,1.4077115,103.9108194
585 PASIR RIS ST 53,1.3745433,103.9463692
808C CHOA CHU KANG AVE 1,1.3749934,103.7460459
139 SERANGOON NTH AVE 2,1.3675871,103.8742283
265C COMPASSVALE LINK,1.382146,103.896062
448 PASIR RIS DR 6,1.3706453,103.9581347
88 BEDOK NTH ST 4,1.333734,103.9319529
537 PASIR RIS ST 51,1.369908,103.9497264
427 BT PANJANG RING RD,1.3864903,103.7696939
260D SENGKANG EAST WAY,1.3944427,103.8960088
134 LOR AH SOO,1.350518,103.8865398
956 HOUGANG ST 91,1.3767487,103.8788289
780A WOODLANDS CRES,1.4488021,103.8007474
236 BISHAN ST 22,1.3590695,103.8470327
532 ANG MO KIO AVE 10,1.3737829,103.8551403
981B BUANGKOK CRES,1.3804832,103.8800975
865 WOODLANDS ST 83,1.4411533,103.7926928
179 LOMPANG RD,1.3798496,103.7650795
485D CHOA CHU KANG AVE 5,1.3754572,103.7388274
513 BT BATOK ST 52,1.3540755,103.752323
69 TELOK BLANGAH HTS,1.2756444,103.810354
501A WELLINGTON CIRCLE,1.451679,103.8207431
525 JELAPANG RD,1.3867092,103.7650593
106B PUNGGOL FIELD,1.3972488,103.9078626
191 BISHAN ST 13,1.3504111,103.8511785
354A ADMIRALTY DR,1.4501124,103.8188412
409 PASIR RIS DR 6,1.3729387,103.9542364
168 BISHAN ST 13,1.34733,103.8541908
314B ANCHORVALE LINK,1.3911551,103.8885602
264E COMPASSVALE BOW,1.3817567,103.8955694
337C TAH CHING RD,1.3372395,103.7219031
976 HOUGANG ST 91,1.3772591,103.8802787
2 UPP ALJUNIED LANE,1.333991,103.8789222
307D ANCHORVALE RD,1.3904153,103.8861709
490A TAMPINES ST 45,1.362032,103.956755
168 BT BATOK WEST AVE 8,1.3471632,103.7413645
289B PUNGGOL PL,1.4018216,103.9029349
219B BEDOK CTRL,1.3253886,103.9336065
514 SERANGOON NTH AVE 4,1.3702886,103.8716082
413 SAUJANA RD,1.3820819,103.7685972
273B COMPASSVALE LINK,1.384547,103.895027
308B ANG MO KIO AVE 1,1.3652927,103.8444284
163C RIVERVALE CRES,1.3896155,103.9083283
305D ANCHORVALE LINK,1.3890342,103.8873262
217 BOON LAY AVE,1.3499943,103.7108432
103 WOODLANDS ST 13,1.4366008,103.7810126
319 SEMBAWANG CL,1.4459989,103.8195145
517 HOUGANG AVE 10,1.3727615,103.8897114
113 PENDING RD,1.3783561,103.7694239
671C JURONG WEST ST 65,1.3440204,103.7014531
330 TAMPINES ST 32,1.3535055,103.9594039
749 WOODLANDS CIRCLE,1.4445854,103.7945242
285C TOH GUAN RD,1.3378679,103.7465669
680A JURONG WEST CTRL 1,1.3445851,103.7055253
354 CLEMENTI AVE 2,1.3135272,103.7708724
715 BEDOK RESERVOIR RD,1.3374169,103.9231524
203B COMPASSVALE RD,1.3868148,103.8946608
7 LOR LEW LIAN,1.349208,103.8769938
327B ANCHORVALE RD,1.3956037,103.888708
296A COMPASSVALE CRES,1.397286,103.8989834
603 BEDOK RESERVOIR RD,1.3299934,103.9123599
210B COMPASSVALE LANE,1.3845673,103.8998122
619D PUNGGOL DR,1.4020958,103.9111751
865 TAMPINES ST 83,1.3538542,103.934271
348D YISHUN AVE 11,1.4269546,103.8427955
855 YISHUN RING RD,1.4170527,103.8369103
891A TAMPINES AVE 8,1.3487132,103.9308719
319 SERANGOON AVE 2,1.3522836,103.8678688
272 TAMPINES ST 22,1.3490946,103.950157
143 BT BATOK ST 11,1.3503871,103.7438778
254 BANGKIT RD,1.3796573,103.773607
417 CHOA CHU KANG AVE 4,1.3830773,103.7414722
141 BEDOK RESERVOIR RD,1.335547,103.9137193
345 UBI AVE 1,1.3259718,103.8991288
250B COMPASSVALE ST,1.3920489,103.8998994
497A TAMPINES ST 45,1.3593667,103.958588
302 TAMPINES ST 32,1.3525057,103.955143
748 PASIR RIS ST 71,1.3784922,103.9349055
40 HOLLAND DR,1.3071989,103.7934398
535A SERANGOON NTH AVE 4,1.3736136,103.87446
402 WOODLANDS ST 41,1.4310764,103.7722305
756 CHOA CHU KANG NTH 5,1.3923974,103.7456443
14 DOVER CL EAST,1.3057307,103.7854574
78 INDUS RD,1.2915032,103.8272188
454 PASIR RIS DR 6,1.3720372,103.958044
527B PASIR RIS ST 51,1.3690061,103.947757
911 JURONG WEST ST 91,1.3419007,103.6868836
427 WOODLANDS ST 41,1.4273312,103.7725926
330 TAH CHING RD,1.3377582,103.7241901
289F BT BATOK ST 25,1.3446634,103.7589473
946 JURONG WEST ST 91,1.3443229,103.6905274
331 SERANGOON AVE 3,1.3500005,103.8701816
332 BT BATOK ST 32,1.3637485,103.748241
53 HAVELOCK RD,1.2893732,103.8288987
848 SIMS AVE,1.3171801,103.9013037
252 TAMPINES ST 21,1.3525418,103.9489785
201A TAMPINES ST 21,1.3532238,103.9525924
289C BT BATOK ST 25,1.3436141,103.7599202
782C WOODLANDS CRES,1.4477408,103.8032795
220B BEDOK CTRL,1.3256922,103.9344209
896C WOODLANDS DR 50,1.4370405,103.793055
251 JURONG EAST ST 24,1.3431215,103.7397924
896B WOODLANDS DR 50,1.4371901,103.7926023
209 PETIR RD,1.3742131,103.7759424
503 PASIR RIS ST 52,1.3756824,103.945608
525C PASIR RIS ST 51,1.3700045,103.947281
314 TAMPINES ST 33,1.3521987,103.9571233
273A JURONG WEST AVE 3,1.3515017,103.70323
817B KEAT HONG LINK,1.3770044,103.7490349
109 BT PURMEI RD,1.2739482,103.8252941
145 BEDOK RESERVOIR RD,1.3343129,103.9119974
618A PUNGGOL DR,1.4016859,103.913091
315 SERANGOON AVE 2,1.3529896,103.8661021
544 HOUGANG AVE 8,1.3785171,103.89183
110 BT BATOK WEST AVE 6,1.3475772,103.7457999
408 SIN MING AVE,1.3633895,103.8348043
690C CHOA CHU KANG CRES,1.4026579,103.7518617
113 LENGKONG TIGA,1.3236305,103.9119068
413 BT BATOK WEST AVE 4,1.3635376,103.7467021
547 CHOA CHU KANG ST 52,1.3936184,103.7426289
154 PASIR RIS ST 13,1.3633476,103.9632343
804 HOUGANG CTRL,1.370946,103.8946803
31 BEDOK STH AVE 2,1.3230416,103.9381007
899 TAMPINES ST 81,1.3464574,103.9354622
110 LENGKONG TIGA,1.3241497,103.9111765
415 SEMBAWANG DR,1.4516379,103.8185015
704 ANG MO KIO AVE 8,1.3702226,103.8471913
224 BT BATOK ST 21,1.3477511,103.7525859
502A WOODLANDS DR 14,1.4333079,103.7913346
315C YISHUN AVE 9,1.4323284,103.8432282
192 PUNGGOL CTRL,1.3998948,103.9094372
416 YISHUN AVE 11,1.4238372,103.8458094
289B COMPASSVALE CRES,1.3977254,103.8973226
612 ELIAS RD,1.3746776,103.9420211
126 BT BATOK CTRL,1.3519607,103.7467021
543 HOUGANG AVE 8,1.3778333,103.8920099
138 MARSILING RD,1.4380917,103.7773005
773 PASIR RIS ST 71,1.3749487,103.9364691
507B WELLINGTON CIRCLE,1.45287,103.823304
168D SIMEI LANE,1.342879,103.958249
23 ST. GEORGE'S RD,1.3250026,103.8630075
171 BISHAN ST 13,1.3468013,103.8536456
522 JELAPANG RD,1.3863666,103.7660743
906 JURONG WEST ST 91,1.3415421,103.6855265
335 BT BATOK ST 32,1.3645551,103.7481504
663C PUNGGOL DR,1.400323,103.9175328
607 BEDOK RESERVOIR RD,1.3310889,103.9127224
44 TANGLIN HALT RD,1.298977,103.7984654
238 CHOA CHU KANG CTRL,1.3791929,103.7482069
390 TAMPINES AVE 7,1.3562446,103.9577988
652C JURONG WEST ST 61,1.3366403,103.6972888
615 ANG MO KIO AVE 4,1.3775951,103.8393088
2 EAST COAST RD,1.3118612,103.923417
82B LOR 4 TOA PAYOH,1.3356278,103.8488444
606 CHOA CHU KANG ST 62,1.3984539,103.7451739
441A FERNVALE RD,1.3912255,103.8751425
43 JLN TIGA,1.3081302,103.8847179
886B WOODLANDS DR 50,1.4382833,103.7944144
410 YISHUN RING RD,1.4264383,103.8465798
645 PUNGGOL CTRL,1.397783,103.916257
485 PASIR RIS DR 4,1.3743849,103.9608584
434 HOUGANG AVE 8,1.3764604,103.8938742
116 ANG MO KIO AVE 4,1.373387,103.8364304
269C PUNGGOL FIELD,1.403084,103.8986369
135 SERANGOON NTH AVE 2,1.3672864,103.8748026
291B COMPASSVALE ST,1.395856,103.8983296
120B EDGEDALE PLAINS,1.3948121,103.9075794
216 BISHAN ST 23,1.3564202,103.8492068
974 JURONG WEST ST 93,1.3397216,103.6932397
123 RIVERVALE DR,1.3860777,103.9029136
138 PETIR RD,1.374688,103.7699671
712 PASIR RIS ST 72,1.3821159,103.9383726
365A UPP SERANGOON RD,1.3697129,103.8974653
124 SERANGOON NTH AVE 1,1.3662465,103.871497
563 HOUGANG ST 51,1.3799251,103.8887565
685 HOUGANG ST 61,1.374993,103.8858538
372 BT BATOK ST 31,1.3590286,103.7510728
403 ADMIRALTY LINK,1.4539101,103.8161695
645 YISHUN ST 61,1.421877,103.8382154
556 CHOA CHU KANG NTH 6,1.3957219,103.7437169
343 UBI AVE 1,1.325877,103.9012667
530 JURONG WEST ST 52,1.3485548,103.7154831
110D PUNGGOL FIELD,1.3952352,103.9103434
271 BANGKIT RD,1.377185,103.774012
223C COMPASSVALE WALK,1.3888073,103.8976789
340B SEMBAWANG CL,1.4471418,103.8184336
435C FERNVALE RD,1.393486,103.876906
472A FERNVALE ST,1.3975268,103.8812361
760 WOODLANDS AVE 6,1.4468546,103.796677
439B SENGKANG WEST AVE,1.3920568,103.8782654
7 TEBAN GDNS RD,1.3216575,103.7438961
338B KANG CHING RD,1.3382623,103.7219443
113 LOR 1 TOA PAYOH,1.3412898,103.8444964
650 JLN TENAGA,1.3319051,103.9075794
633 VEERASAMY RD,1.3058233,103.8548932
106 SERANGOON NTH AVE 1,1.370187,103.8710665
430B YISHUN AVE 11,1.4211628,103.8485871
636A SENJA RD,1.3868281,103.758362
310A ANCHORVALE RD,1.3909268,103.8850215
41 HOLLAND DR,1.3076078,103.7934462
117B RIVERVALE DR,1.3836845,103.9027084
410 HOUGANG AVE 10,1.373934,103.8945753
224C COMPASSVALE WALK,1.389213,103.8979506
453 CHOA CHU KANG AVE 4,1.3799469,103.7351556
343 CHOA CHU KANG LOOP,1.3835616,103.7455719
326 WOODLANDS ST 32,1.4303892,103.7795866
109 JLN BT MERAH,1.2794991,103.8260265
313 SERANGOON AVE 2,1.3532327,103.8652188
63 TEBAN GDNS RD,1.3210963,103.7395515
464 ANG MO KIO AVE 10,1.3667945,103.8568841
123 POTONG PASIR AVE 1,1.3351645,103.865785
487 JURONG WEST AVE 1,1.3487094,103.7272454
654 YISHUN AVE 4,1.4230275,103.8405108
779 WOODLANDS CRES,1.4475658,103.8003896
859 WOODLANDS ST 83,1.4398429,103.7938926
460 PASIR RIS DR 4,1.3710055,103.9591319
313A SUMANG LINK,1.4099645,103.9020287
678C PUNGGOL DR,1.4063453,103.9094825
509 TAMPINES CTRL 1,1.3551974,103.9455338
874 WOODLANDS ST 82,1.4429334,103.7895141
277C COMPASSVALE LINK,1.3824775,103.8931708
219A BEDOK CTRL,1.3253054,103.9328259
155 RIVERVALE CRES,1.3908026,103.9071036
107 TECK WHYE LANE,1.3779357,103.7536722
247 COMPASSVALE RD,1.3921509,103.8991968
132 BEDOK RESERVOIR RD,1.332923,103.9119068
20 REDHILL CL,1.2867965,103.8173583
531 PASIR RIS DR 1,1.371278,103.9502476
517 WOODLANDS DR 14,1.4340522,103.7914604
109 SIMEI ST 1,1.3422697,103.9501796
138 SIMEI ST 1,1.3472804,103.9568881
538 UPP CROSS ST,1.285205,103.845761
128B PUNGGOL FIELD WALK,1.3931866,103.912813
209A PUNGGOL PL,1.3995526,103.9010078
648A JURONG WEST ST 61,1.3384879,103.6976281
887A WOODLANDS DR 50,1.4371311,103.7940763
737 TAMPINES ST 72,1.3589256,103.9340217
571 CHOA CHU KANG ST 52,1.3939445,103.7448793
547 ANG MO KIO AVE 10,1.3742406,103.8582657
417 WOODLANDS ST 41,1.428863,103.7741317
320 WOODLANDS ST 32,1.4316917,103.7779331
862 WOODLANDS ST 83,1.4399643,103.7950471
860B TAMPINES AVE 5,1.3554665,103.9371036
252 PASIR RIS ST 21,1.3684226,103.9624863
258B COMPASSVALE RD,1.3929503,103.8972712
343 JURONG EAST ST 31,1.3459036,103.7311366
137 BISHAN ST 12,1.3444683,103.8519244
414 EUNOS RD 5,1.317983,103.8966971
458 HOUGANG AVE 10,1.3777299,103.8962691
254 ANG MO KIO AVE 4,1.3703512,103.8345488
491D TAMPINES ST 45,1.3624828,103.9547124
656 YISHUN AVE 4,1.4223772,103.8388803
213B PUNGGOL WALK,1.4006955,103.8982453
419 PASIR RIS DR 6,1.3714713,103.9546897
529 CHOA CHU KANG ST 51,1.3918825,103.7424009
268C PUNGGOL FIELD,1.403457,103.897846
837 JURONG WEST ST 81,1.3434072,103.6930813
611 CHOA CHU KANG ST 62,1.3999194,103.7437151
262 SERANGOON CTRL DR,1.3534336,103.8724201
676A CHOA CHU KANG CRES,1.4021031,103.7465211
131 PASIR RIS ST 11,1.3656756,103.9565028
373 TAMPINES ST 34,1.3559446,103.95852
54 TANGLIN HALT RD,1.2997295,103.7984064
217 TAMPINES ST 23,1.3542822,103.9517887
248 COMPASSVALE RD,1.39232,103.8984945
26 JLN BERSEH,1.3069339,103.8575817
511 ANG MO KIO AVE 8,1.3735561,103.8501126
408C FERNVALE RD,1.3893559,103.8764533
209C COMPASSVALE LANE,1.3841827,103.8990382
667 JLN DAMAI,1.3338199,103.9086442
178 YUNG SHENG RD,1.3332834,103.7209072
3 REDHILL CL,1.2845781,103.8166676
226B SUMANG LANE,1.4026563,103.8934547
8A UPP BOON KENG RD,1.3131343,103.8698693
528B PASIR RIS ST 51,1.3706464,103.9480131
834 HOUGANG CTRL,1.3698646,103.8897379
183 YUNG SHENG RD,1.3332724,103.7227163
3A UPP BOON KENG RD,1.3140511,103.87258
534 JURONG WEST ST 52,1.3489875,103.7171094
55 JLN BAHAGIA,1.3280256,103.856703
204 BT BATOK ST 21,1.347572,103.7498958
199B PUNGGOL FIELD,1.3999696,103.9056969
128 BEDOK RESERVOIR RD,1.3334379,103.9114536
116 BT MERAH VIEW,1.2851531,103.821393
228C COMPASSVALE WALK,1.3877599,103.9006543
870A TAMPINES ST 86,1.3559894,103.9312471
15 BEACH RD,1.3034271,103.863182
53 KENT RD,1.3165924,103.8521278
17 TIONG BAHRU RD,1.285643,103.833077
608 YISHUN ST 61,1.4208771,103.8352836
109A DEPOT RD,1.2809776,103.8095416
811 HOUGANG CTRL,1.3718567,103.8937407
227 BISHAN ST 23,1.3579821,103.8473925
518 JELAPANG RD,1.387023,103.7669785
296E CHOA CHU KANG AVE 2,1.376944,103.7431086
455 JURONG WEST ST 42,1.3511044,103.7184672
523 HOUGANG AVE 6,1.3737939,103.8903844
546 ANG MO KIO AVE 10,1.3735529,103.8568615
624 BT BATOK CTRL,1.3513074,103.7495668
356C ADMIRALTY DR,1.4492741,103.8178902
120 BEDOK RESERVOIR RD,1.3309592,103.9098223
156 HOUGANG ST 11,1.3527291,103.8793753
612 HOUGANG AVE 8,1.3696117,103.8853554
316C ANCHORVALE LINK,1.3930248,103.8883396
824 JURONG WEST ST 81,1.3463957,103.693911
8 JOO SENG RD,1.335219,103.878805
410 SEMBAWANG DR,1.4526506,103.8179808
333 HOUGANG AVE 5,1.3677894,103.8960722
359 HOUGANG AVE 5,1.3692422,103.8952096
664 YISHUN AVE 4,1.4202074,103.8406061
753 CHOA CHU KANG NTH 5,1.3923058,103.7468885
128 LOR AH SOO,1.35173,103.8864427
212 CHOA CHU KANG CTRL,1.3825178,103.7474263
579 HOUGANG AVE 4,1.3790394,103.8861029
204C COMPASSVALE DR,1.3875222,103.8948418
222 PASIR RIS ST 21,1.3706801,103.9615117
326 SERANGOON AVE 3,1.3503551,103.8690228
848 JURONG WEST ST 81,1.3460066,103.692162
405 BEDOK NTH AVE 3,1.3286977,103.9341123
293D COMPASSVALE CRES,1.3964722,103.8954775
329 BT BATOK ST 33,1.363312,103.7476978
272A PUNGGOL WALK,1.4030815,103.9006694
212 YISHUN ST 21,1.4318158,103.8373634
424 ANG MO KIO AVE 3,1.3686601,103.8507755
476B UPP SERANGOON VIEW,1.3773564,103.9042263
468B ADMIRALTY DR,1.4500624,103.8142044
457 TAMPINES ST 42,1.3578605,103.9536588
207B COMPASSVALE LANE,1.3847396,103.8978149
245 JURONG EAST ST 24,1.3416812,103.741947
110 SERANGOON NTH AVE 1,1.3694011,103.8714022
239 LOR 1 TOA PAYOH,1.3404469,103.8510185
20 TEBAN GDNS RD,1.3220276,103.7413652
418 FAJAR RD,1.3842971,103.7688807
415 CHOA CHU KANG AVE 4,1.3826911,103.7424631
165 GANGSA RD,1.3769156,103.7650784
147 GANGSA RD,1.3760709,103.7654752
107 PASIR RIS ST 12,1.3677199,103.9575001
328 JURONG EAST ST 31,1.3494997,103.7299607
462 JURONG WEST ST 41,1.3506357,103.7223552
811 YISHUN RING RD,1.4163479,103.8322003
114 LENGKONG TIGA,1.3231895,103.9122693
94D BEDOK NTH AVE 4,1.3336489,103.9413495
223 PASIR RIS ST 21,1.3706801,103.9615117
415 PANDAN GDNS,1.320736,103.7482636
337 TAMPINES ST 32,1.3526971,103.9599479
413 CHOA CHU KANG AVE 3,1.381373,103.7426289
988B JURONG WEST ST 93,1.336203,103.695777
711 BEDOK RESERVOIR RD,1.3360022,103.9235982
834 JURONG WEST ST 81,1.3431879,103.694231
273A COMPASSVALE LINK,1.3841356,103.8949983
923 JURONG WEST ST 92,1.3395404,103.6896884
818 WOODLANDS ST 82,1.4416821,103.7900573
176 WOODLANDS ST 13,1.4335521,103.7784549
796 WOODLANDS DR 72,1.4431443,103.8031063
805 TAMPINES AVE 4,1.3460946,103.9374662
186 TOA PAYOH CTRL,1.3327469,103.8502259
639 WOODLANDS RING RD,1.4376386,103.8031968
622 YISHUN RING RD,1.418383,103.834812
6 BEACH RD,1.3039382,103.8643957
114 DEPOT RD,1.281827,103.8068338
666A JURONG WEST ST 65,1.3400281,103.7012101
742 PASIR RIS ST 71,1.3770098,103.9360115
138A LOR 1A TOA PAYOH,1.3367523,103.8454887
109 C'WEALTH CRES,1.352083,103.819836
4 DELTA AVE,1.2918537,103.8266527
280 BT BATOK EAST AVE 3,1.3478798,103.7568434
646 PASIR RIS DR 10,1.3780696,103.938214
120A KIM TIAN PL,1.2832919,103.8278301
297 PUNGGOL CTRL,1.4023881,103.9055743
254 SERANGOON CTRL DR,1.354041,103.871142
289A PUNGGOL PL,1.4018216,103.9029349
412 YISHUN RING RD,1.4255551,103.8470327
371 JURONG EAST ST 32,1.3483094,103.7319486
104 RIVERVALE WALK,1.3823776,103.9007147
114 BT MERAH VIEW,1.2863147,103.822119
697A JURONG WEST CTRL 3,1.3411967,103.708017
653 JLN TENAGA,1.3327426,103.9074656
27 MARINE CRES,1.3039458,103.9135381
29 HAVELOCK RD,1.2889141,103.8309731
52 LENGKOK BAHRU,1.2887108,103.8131583
186 BT BATOK WEST AVE 6,1.3466656,103.7440802
318 JURONG EAST ST 31,1.3473716,103.7305939
223 SIMEI ST 4,1.3422443,103.9576814
401 TAMPINES ST 41,1.3571056,103.9447179
646 PUNGGOL CTRL,1.3981522,103.9158038
271D JURONG WEST ST 24,1.3501561,103.7049836
872 YISHUN ST 81,1.4135866,103.8369782
408 SERANGOON AVE 1,1.3471988,103.873486
395 TAMPINES AVE 7,1.3556675,103.9558456
847 WOODLANDS ST 82,1.4421137,103.7916968
159 SIMEI RD,1.3448657,103.9599479
274B COMPASSVALE BOW,1.3819605,103.8907921
407 PASIR RIS DR 6,1.3736694,103.9545084
16 TECK WHYE LANE,1.3787335,103.7551205
269B PUNGGOL FIELD,1.403084,103.8986369
412 PANDAN GDNS,1.319663,103.7470642
681 RACE COURSE RD,1.3140759,103.855277
18 TECK WHYE LANE,1.3782996,103.7541248
841 JURONG WEST ST 81,1.344657,103.6929479
407 JURONG WEST ST 42,1.3548173,103.7214502
223 TAMPINES ST 24,1.3554712,103.9529964
17 DOVER CRES,1.3076785,103.782914
617A PUNGGOL DR,1.4019637,103.9125059
78 MARINE DR,1.3015661,103.9083723
318C YISHUN AVE 9,1.4334279,103.8434094
249 PASIR RIS ST 21,1.3704842,103.9620937
102A PUNGGOL FIELD,1.3988971,103.9058952
718 TAMPINES ST 72,1.3591367,103.935472
29 BALAM RD,1.3301123,103.8867125
307A ANCHORVALE RD,1.389375,103.887916
630 ANG MO KIO AVE 4,1.3803737,103.8408926
335A YISHUN ST 31,1.4332389,103.8444953
447 ANG MO KIO AVE 10,1.3675155,103.8559096
205 CLEMENTI AVE 6,1.321114,103.7623626
111 JURONG EAST ST 13,1.3387661,103.735569
331 UBI AVE 1,1.326705,103.9034404
501B YISHUN ST 51,1.4167369,103.8401825
222 BT BATOK EAST AVE 3,1.3478227,103.7540372
309 TAMPINES ST 32,1.353433,103.956776
104A EDGEFIELD PLAINS,1.3967906,103.9050439
402 JURONG WEST ST 42,1.3533456,103.7225362
324B SENGKANG EAST WAY,1.392562,103.892359
233 PENDING RD,1.376583,103.7717778
6 TELOK BLANGAH CRES,1.2782254,103.8185015
605 YISHUN ST 61,1.4217248,103.8363628
516 PASIR RIS ST 52,1.3741036,103.9430862
679B JURONG WEST CTRL 1,1.3439227,103.706068
112 C'WEALTH CRES,1.352083,103.819836
590A MONTREAL LINK,1.4506512,103.8266301
824 TAMPINES ST 81,1.3490499,103.9327527
416 SERANGOON CTRL,1.3501189,103.8748178
786F WOODLANDS DR 60,1.4463735,103.8002765
740 BEDOK RESERVOIR RD,1.3383014,103.9225237
188 BISHAN ST 13,1.3498877,103.8517432
127 GEYLANG EAST AVE 1,1.3180641,103.8877159
175C PUNGGOL FIELD,1.398095,103.9080374
161 BISHAN ST 13,1.3475167,103.8565444
18B CIRCUIT RD,1.3294743,103.8880737
425 PASIR RIS DR 6,1.3695715,103.9547468
301D ANCHORVALE DR,1.3884778,103.891517
185 EDGEFIELD PLAINS,1.3981956,103.9103827
49 JLN TIGA,1.3088593,103.885355
25 CHAI CHEE RD,1.323801,103.9241597
641B PUNGGOL DR,1.3988574,103.9167447
627 BEDOK RESERVOIR RD,1.3340729,103.9155319
131 LOR AH SOO,1.3514216,103.8870091
15 HOLLAND DR,1.3111758,103.7937662
119 BEDOK RESERVOIR RD,1.331254,103.9094598
229 PASIR RIS ST 21,1.3727474,103.961761
8 JLN BT HO SWEE,1.287463,103.832275
158 TAMPINES ST 12,1.3514619,103.9458964
530 CHOA CHU KANG ST 51,1.3924501,103.7438619
98 BEDOK NTH AVE 4,1.3342618,103.9398683
207 PASIR RIS ST 21,1.3665193,103.9623957
720 ANG MO KIO AVE 6,1.3718126,103.8469791
215 PETIR RD,1.375084,103.7742901
436 CHOA CHU KANG AVE 4,1.3846711,103.7404154
856B TAMPINES ST 82,1.353138,103.9379173
302 UBI AVE 1,1.3300585,103.9010319
408A FERNVALE RD,1.3887655,103.8762369
160 PASIR RIS ST 13,1.3642313,103.962373
19 ST. GEORGE'S RD,1.3244743,103.8625907
493A TAMPINES AVE 9,1.362456,103.9525573
989D JURONG WEST ST 93,1.3357859,103.6953587
266C COMPASSVALE BOW,1.3827218,103.8974191
195 PASIR RIS ST 12,1.3660929,103.9602198
496D TAMPINES AVE 9,1.3612394,103.950324
446C JLN KAYU,1.3922282,103.8735563
634 HOUGANG AVE 8,1.3700555,103.8784239
215 CHOA CHU KANG CTRL,1.3829593,103.7471547
11 CHAI CHEE RD,1.3269222,103.9247765
527C PASIR RIS ST 51,1.3695495,103.9477968
432D YISHUN AVE 1,1.4197998,103.8462373
411 WOODLANDS ST 41,1.4284483,103.7729321
562 HOUGANG ST 51,1.3808717,103.8890705
333A ANCHORVALE LINK,1.3946479,103.891023
48 LENGKOK BAHRU,1.2873284,103.810896
636 BEDOK RESERVOIR RD,1.3311648,103.9045882
307C ANG MO KIO AVE 1,1.365584,103.845157
512 PASIR RIS ST 52,1.3755641,103.9438114
945 JURONG WEST ST 91,1.3442335,103.6901429
47 LENGKOK BAHRU,1.2871826,103.8117999
156 LOR 1 TOA PAYOH,1.3325817,103.8451252
170B PUNGGOL FIELD,1.393351,103.914695
39 TELOK BLANGAH RISE,1.2718493,103.8225772
411 ANG MO KIO AVE 10,1.3634903,103.855095
167B PUNGGOL EAST,1.3942784,103.9149583
132 BEDOK NTH ST 2,1.3336897,103.9319619
45 LENGKOK BAHRU,1.2867393,103.8126149
437 HOUGANG AVE 8,1.3771924,103.8933103
380 CLEMENTI AVE 5,1.3184059,103.7674516
20 HOLLAND DR,1.3105352,103.7923366
670 HOUGANG AVE 8,1.3729846,103.8848118
119B RIVERVALE DR,1.3842811,103.9028713
424 PASIR RIS DR 6,1.3700628,103.9544857
790 YISHUN AVE 2,1.4200563,103.8336062
528 CHOA CHU KANG ST 51,1.3923979,103.7416417
303D PUNGGOL PL,1.4040262,103.9051431
463 CHOA CHU KANG AVE 4,1.377172,103.7354462
290C BT BATOK EAST AVE 3,1.3439965,103.7571141
454 FAJAR RD,1.3846123,103.7713704
427 SERANGOON CTRL,1.3478549,103.8751108
239 BISHAN ST 22,1.360529,103.8448361
266D PUNGGOL WAY,1.4048218,103.8980362
112 BEDOK RESERVOIR RD,1.3297122,103.9103661
844 YISHUN ST 81,1.4154318,103.8350761
550A SEGAR RD,1.3892608,103.7673966
102 JLN DUSUN,1.327896,103.8442252
182 YUNG SHENG RD,1.3338062,103.7224675
325 JURONG EAST ST 31,1.3488243,103.7290144
162A RIVERVALE CRES,1.3904591,103.9075525
374 HOUGANG ST 31,1.3629086,103.889848
438 ANG MO KIO AVE 10,1.3670139,103.8538267
722 JURONG WEST AVE 5,1.3436163,103.698023
312 UBI AVE 1,1.3297323,103.9036825
202 BOON LAY DR,1.3439618,103.7152305
961 JURONG WEST ST 92,1.3412654,103.6922897
326B ANCHORVALE RD,1.3953149,103.8879831
144 POTONG PASIR AVE 2,1.3326273,103.8654477
8 TG PAGAR PLAZA,1.2772026,103.8427592
230C TAMPINES ST 24,1.3556936,103.9514035
331 YISHUN RING RD,1.4306414,103.8431376
869B TAMPINES AVE 8,1.3547668,103.9326134
526 SERANGOON NTH AVE 4,1.3717449,103.8727538
340A SEMBAWANG CL,1.4476193,103.8178888
43 TELOK BLANGAH RISE,1.270435,103.8232283
360 WOODLANDS AVE 5,1.4340656,103.7844758
226 CHOA CHU KANG CTRL,1.381292,103.745452
46 HOLLAND DR,1.3088172,103.7927834
322 ANG MO KIO AVE 3,1.3683512,103.8477345
469 SEGAR RD,1.3879371,103.7732263
338 WOODLANDS AVE 1,1.4307851,103.7811691
217 CHOA CHU KANG CTRL,1.3834746,103.7467927
705 TAMPINES ST 71,1.3572962,103.9371942
803 CHAI CHEE RD,1.3241751,103.922709
183A RIVERVALE CRES,1.39161,103.90794
206D COMPASSVALE LANE,1.3870888,103.8970899
2A WOODLANDS CTR RD,1.4405184,103.7706461
833 HOUGANG CTRL,1.3704471,103.8894632
457 PASIR RIS DR 4,1.3719553,103.9594946
412 SERANGOON CTRL,1.3483511,103.8731844
782D WOODLANDS CRES,1.4480734,103.8027865
2 HAIG RD,1.3123728,103.8976789
50 DORSET RD,1.3131807,103.8509346
469B SENGKANG WEST WAY,1.3958226,103.8776472
877 TAMPINES ST 84,1.3525711,103.9314837
529 JURONG WEST ST 52,1.3484434,103.716159
325 WOODLANDS ST 32,1.4308119,103.7794734
115A YISHUN RING RD,1.4333072,103.8275806
507 BEDOK NTH AVE 3,1.3329865,103.9326168
880 YISHUN ST 81,1.4139578,103.8362536
466A SEMBAWANG DR,1.455266,103.8136111
86 BEDOK NTH ST 4,1.333736,103.9319525
76 C'WEALTH DR,1.296245,103.799522
80B TELOK BLANGAH ST 31,1.2740923,103.8074939
134 GEYLANG EAST AVE 1,1.3159513,103.8858085
26 NEW UPP CHANGI RD,1.3233386,103.9342619
702 TAMPINES ST 71,1.3561233,103.9374662
456 YISHUN ST 41,1.4202266,103.8443003
602C PUNGGOL CTRL,1.4025924,103.9070668
71 MARINE DR,1.3044838,103.9089161
167C SIMEI LANE,1.3428535,103.958948
438 FAJAR RD,1.382937,103.7700721
324 ANG MO KIO AVE 3,1.3683192,103.8468308
159 PASIR RIS ST 13,1.3637434,103.9613077
265A PUNGGOL WAY,1.4057902,103.8988847
924 JURONG WEST ST 92,1.3404917,103.6898694
179 BISHAN ST 13,1.3486424,103.8518338
122 TECK WHYE LANE,1.3786715,103.7494368
58 HAVELOCK RD,1.2901637,103.8281018
90 ZION RD,1.2910507,103.8336977
921 JURONG WEST ST 92,1.3395677,103.6889576
675 CHOA CHU KANG CRES,1.4014455,103.7460692
219D BEDOK CTRL,1.3249196,103.9337841
54 HAVELOCK RD,1.2892981,103.8292566
348 BT BATOK ST 34,1.3621226,103.7505944
117A JLN TENTERAM,1.3283047,103.8608039
10 TELOK BLANGAH CRES,1.2778529,103.8197695
10 JOO SENG RD,1.3346693,103.8802009
967 HOUGANG AVE 9,1.3782149,103.8786518
675B JURONG WEST ST 64,1.3459431,103.7038915
105A EDGEFIELD PLAINS,1.3971031,103.9058262
242 BISHAN ST 22,1.3613523,103.8449493
62 CHAI CHEE RD,1.3254793,103.9212417
251 HOUGANG AVE 3,1.3599912,103.8915849
7 SELETAR WEST FARMWAY 6,1.3963008,103.8705748
281B SENGKANG EAST AVE,1.3857632,103.8920607
28 MARSILING DR,1.4428122,103.773679
102 CLEMENTI ST 14,1.3222318,103.7692434
139 PASIR RIS ST 11,1.3637541,103.9594946
272 BANGKIT RD,1.3775688,103.7745511
72 BEDOK STH AVE 3,1.3203432,103.9436754
629 JURONG WEST ST 65,1.3425605,103.6996414
459 CHOA CHU KANG AVE 4,1.3782829,103.7351391
109 YISHUN RING RD,1.432807,103.828475
167A SIMEI LANE,1.343352,103.9591093
4 EVERTON PK,1.2769367,103.8399016
890B WOODLANDS DR 50,1.4383194,103.7924778
331B ANCHORVALE ST,1.3956678,103.8902484
196 PASIR RIS ST 12,1.3661917,103.9602364
186 PUNGGOL CTRL,1.3985449,103.9110764
809 HOUGANG CTRL,1.3712555,103.893633
46 SENG POH RD,1.2840748,103.8315462
713 ANG MO KIO AVE 6,1.3714641,103.8465114
224 BISHAN ST 23,1.358992,103.8477574
130 PASIR RIS ST 11,1.3654538,103.9568655
340 WOODLANDS AVE 1,1.4312411,103.7812842
5 BOON KENG RD,1.316755,103.8604412
466B SEMBAWANG DR,1.4551225,103.8130677
255 BT BATOK EAST AVE 4,1.3501597,103.7584506
29 KELANTAN RD,1.3058666,103.856862
303 TAMPINES ST 32,1.3519891,103.9558682
532 WOODLANDS DR 14,1.4307175,103.7924179
256 YISHUN RING RD,1.4340362,103.8399673
325A SENGKANG EAST WAY,1.3936614,103.8908302
106 BISHAN ST 12,1.3461032,103.8477574
537 ANG MO KIO AVE 5,1.3752226,103.8532832
288 YISHUN AVE 6,1.439977,103.837548
101 BEDOK NTH AVE 4,1.3344559,103.9379194
121 PASIR RIS ST 11,1.366859,103.9545084
767 YISHUN AVE 3,1.4245497,103.83451
268A COMPASSVALE LINK,1.384258,103.8965642
588D ANG MO KIO ST 52,1.3717029,103.8539178
810A CHOA CHU KANG AVE 7,1.3745825,103.7460991
945 HOUGANG ST 92,1.3740066,103.8812851
258 BOON LAY DR,1.3462706,103.708625
306 YISHUN CTRL,1.4312467,103.8401485
625 HOUGANG AVE 8,1.3702924,103.8817311
582 WOODLANDS DR 16,1.4302348,103.7958168
217 MARSILING CRES,1.4467942,103.7726658
835 TAMPINES ST 83,1.351148,103.9338631
518D TAMPINES CTRL 7,1.3563165,103.9388485
259 KIM KEAT AVE,1.3338933,103.8577221
823 YISHUN ST 81,1.4138998,103.8337174
538 JURONG WEST AVE 1,1.3500196,103.7153821
573 ANG MO KIO AVE 3,1.3705823,103.854848
662B EDGEDALE PLAINS,1.4017436,103.9187113
339B KANG CHING RD,1.3382584,103.7212651
938 TAMPINES AVE 5,1.3479728,103.9417265
401 WOODLANDS ST 41,1.4305103,103.772814
837 YISHUN ST 81,1.4160308,103.8330834
367 CLEMENTI AVE 2,1.3129376,103.7715967
232 CHOA CHU KANG CTRL,1.3806132,103.7471547
753 JURONG WEST ST 74,1.3484818,103.7000745
134 BISHAN ST 12,1.3454191,103.8521055
508 JURONG WEST ST 52,1.348679,103.7186853
954 HOUGANG AVE 9,1.3766858,103.8783786
330 CLEMENTI AVE 2,1.3137297,103.7677945
50 TEBAN GDNS RD,1.3205976,103.7378312
493E TAMPINES ST 43,1.3626482,103.9520369
312C CLEMENTI AVE 4,1.3196155,103.7640882
544 JURONG WEST ST 42,1.3524147,103.7157223
101 GANGSA RD,1.3793935,103.7675227
605 HOUGANG AVE 4,1.3709979,103.8863523
110 C'WEALTH CRES,1.352083,103.819836
138 POTONG PASIR AVE 3,1.3335439,103.8654029
775 PASIR RIS ST 71,1.3742675,103.9370809
123 TECK WHYE LANE,1.3792803,103.7494177
120 TECK WHYE LANE,1.3788356,103.7502324
533 PASIR RIS DR 1,1.3708893,103.9509502
429 BT PANJANG RING RD,1.3868933,103.7698666
671B YISHUN AVE 4,1.4190397,103.8416325
625 BEDOK RESERVOIR RD,1.3342847,103.9163481
698C JURONG WEST CTRL 3,1.3403722,103.707627
119 TECK WHYE LANE,1.3792739,103.7505039
11 HAIG RD,1.3149625,103.895708
459 CLEMENTI AVE 3,1.3114104,103.7670355
255 SIMEI ST 1,1.3423347,103.9515848
435A FERNVALE RD,1.3934424,103.8761325
299 PUNGGOL CTRL,1.40272,103.9053
306 TAMPINES ST 32,1.3531608,103.9557776
222 BISHAN ST 23,1.3580557,103.8481877
290 CHOA CHU KANG AVE 3,1.3792129,103.740114
168B SIMEI LANE,1.342655,103.958718
247 YISHUN AVE 9,1.4349957,103.842028
412B FERNVALE LINK,1.3898778,103.8780162
169C PUNGGOL FIELD,1.3932605,103.9139826
313 UBI AVE 1,1.3288905,103.903615
634 JURONG WEST ST 65,1.3430779,103.6988271
137 SIMEI ST 1,1.347669,103.9561402
242 JURONG EAST ST 24,1.3417833,103.7426589
344 CHOA CHU KANG LOOP,1.3832822,103.7452313
405B FERNVALE LANE,1.3891104,103.8736673
453 SIN MING AVE,1.3591536,103.8299085
2 REDHILL CL,1.2844151,103.817278
176 ANG MO KIO AVE 4,1.37591,103.836163
2 MARINE TER,1.30436,103.9178883
306A PUNGGOL PL,1.4061313,103.9054723
676B PUNGGOL DR,1.4050571,103.910343
430D FERNVALE LINK,1.3948433,103.8780388
570 CHOA CHU KANG ST 52,1.3943568,103.7445714
143 MEI LING ST,1.2935116,103.8046457
160B PUNGGOL CTRL,1.3953655,103.9160757
205 ANG MO KIO AVE 1,1.3670122,103.8434926
218 BEDOK NTH ST 1,1.3275586,103.9345016
294A COMPASSVALE CRES,1.3961475,103.895776
60 JLN BAHAGIA,1.3279448,103.8571593
255 KIM KEAT AVE,1.3318543,103.8583499
136 SERANGOON NTH AVE 2,1.3671334,103.8742965
122 MARSILING RISE,1.4391965,103.7796771
115 SERANGOON NTH AVE 1,1.3681605,103.8705868
153 YUNG HO RD,1.3274972,103.7210882
274C JURONG WEST ST 25,1.3528489,103.7038264
17A CIRCUIT RD,1.3299487,103.8881314
307 WOODLANDS AVE 1,1.4294363,103.7763951
538 PASIR RIS ST 51,1.3696853,103.950225
501 JURONG WEST ST 51,1.3500718,103.719164
83 WHAMPOA DR,1.3236508,103.857088
110 MCNAIR RD,1.3221038,103.8588998
239 TAMPINES ST 21,1.3547745,103.9466007
907 JURONG WEST ST 91,1.3410815,103.6860015
215A COMPASSVALE DR,1.3892237,103.8934972
174A HOUGANG AVE 1,1.3496728,103.888708
206 PASIR RIS ST 21,1.366297,103.962849
352 CLEMENTI AVE 2,1.3146209,103.7715967
152 MEI LING ST,1.2940049,103.8027526
616 CHOA CHU KANG ST 62,1.3996206,103.7446203
460 JURONG WEST ST 41,1.3499918,103.72082
570B WOODLANDS AVE 1,1.4308239,103.7908663
18 REDHILL CL,1.2858515,103.8177997
640 BEDOK RESERVOIR RD,1.3321761,103.9049966
101C PUNGGOL FIELD,1.398191,103.9066098
6 JLN BT HO SWEE,1.287659,103.831453
70 CIRCUIT RD,1.3252296,103.8881644
104 BISHAN ST 12,1.345674,103.848026
212A COMPASSVALE DR,1.3864703,103.9000312
136 PETIR RD,1.3744755,103.7686997
268B COMPASSVALE LINK,1.384397,103.8963442
514 JELAPANG RD,1.3876068,103.7674311
281 YISHUN ST 22,1.438968,103.8375217
494E TAMPINES ST 43,1.3616218,103.9513266
748A BEDOK RESERVOIR CRES,1.336359,103.9211067
661A JURONG WEST ST 64,1.3356503,103.7050706
259 BISHAN ST 22,1.3599765,103.8422318
648 PASIR RIS DR 10,1.3786882,103.9388938
137 RIVERVALE ST,1.3891099,103.9045986
729 JURONG WEST AVE 5,1.346497,103.6978797
302C PUNGGOL PL,1.4048986,103.9049984
105 RIVERVALE WALK,1.3821972,103.9007118
416 WOODLANDS ST 41,1.4284977,103.7738601
504B YISHUN ST 51,1.4177266,103.8439559
109 CLEMENTI ST 11,1.3222655,103.770609
304 UBI AVE 1,1.3295534,103.9015013
232 BT BATOK EAST AVE 5,1.3494301,103.7547616
404 HOUGANG AVE 10,1.3738171,103.8957533
501A YISHUN ST 51,1.4166923,103.84045
635B PUNGGOL DR,1.400917,103.914124
406 BEDOK NTH AVE 3,1.3281103,103.9344749
508 HOUGANG AVE 10,1.3717016,103.8884556
6 TOH YI DR,1.3378161,103.7748565
332C ANCHORVALE LINK,1.3951513,103.8914065
104 WHAMPOA DR,1.3209644,103.8533766
331A ANCHORVALE ST,1.396156,103.8903057
604C PUNGGOL RD,1.4036267,103.9074661
113 BT MERAH VIEW,1.2867587,103.8231131
143 BEDOK RESERVOIR RD,1.3350405,103.9127224
973 HOUGANG ST 91,1.3777734,103.8799179
13 JLN BT MERAH,1.2863286,103.8074844
314D ANCHORVALE LINK,1.391575,103.889396
41 STIRLING RD,1.2987381,103.8019517
21 REDHILL CL,1.2864738,103.8176638
164 BT BATOK ST 11,1.3477409,103.7428129
548 HOUGANG ST 51,1.3795519,103.891404
489A CHOA CHU KANG AVE 5,1.3753738,103.7405471
461 CRAWFORD LANE,1.3048317,103.8608858
326C ANCHORVALE RD,1.3957547,103.8879831
258A PUNGGOL FIELD,1.4038426,103.8960478
94 HAVELOCK RD,1.2882321,103.8332336
337A TAH CHING RD,1.3377582,103.7228756
212 BISHAN ST 23,1.3565735,103.8480291
272D PUNGGOL WALK,1.4027161,103.9004881
131 CASHEW RD,1.3746099,103.7707819
96 GEYLANG BAHRU,1.3234225,103.8703998
568 CHOA CHU KANG ST 52,1.395799,103.7461567
335C ANCHORVALE CRES,1.3985332,103.8882772
9 REDHILL CL,1.2850849,103.8164326
327C ANCHORVALE RD,1.3961174,103.8886174
682A JURONG WEST CTRL 1,1.3439996,103.7054346
61A STRATHMORE AVE,1.2939231,103.8115512
690E WOODLANDS DR 75,1.4422337,103.8079058
318A ANCHORVALE LINK,1.3937281,103.8896057
102 PASIR RIS ST 12,1.367442,103.9580667
727 CLEMENTI WEST ST 2,1.3041998,103.763811
545 BT PANJANG RING RD,1.3818918,103.7634263
142 SERANGOON NTH AVE 1,1.3674369,103.8740769
672B EDGEFIELD PLAINS,1.4066752,103.9123611
174A EDGEDALE PLAINS,1.39617,103.9112169
136 BISHAN ST 12,1.3441328,103.8517445
95C HENDERSON RD,1.2872983,103.82199
487B CHOA CHU KANG AVE 5,1.3762415,103.7386249
638C PUNGGOL DR,1.3997212,103.9155314
103 HOUGANG AVE 1,1.3553733,103.8905203
227A COMPASSVALE DR,1.3872004,103.9006574
444 HOUGANG AVE 8,1.3795477,103.8942501
257 BISHAN ST 22,1.3600445,103.8431376
633A YISHUN ST 61,1.419139,103.8397899
647 HOUGANG AVE 8,1.371984,103.8804601
990C JURONG WEST ST 93,1.3352609,103.6951168
204 BEDOK NTH ST 1,1.3267772,103.9302886
310 SERANGOON AVE 2,1.3536149,103.8656038
280B SENGKANG EAST AVE,1.3862938,103.8920611
50 LOR 5 TOA PAYOH,1.3370952,103.8527848
552 CHOA CHU KANG ST 52,1.3946096,103.7424807
636 YISHUN ST 61,1.4197521,103.8393106
229 BISHAN ST 23,1.35761,103.8461269
160 HOUGANG ST 11,1.3518967,103.8789097
442D FAJAR RD,1.3810645,103.7708605
440B CLEMENTI AVE 3,1.3161638,103.7640373
661D JURONG WEST ST 64,1.3365327,103.7045279
632 JURONG WEST ST 65,1.3439032,103.6997568
168A SIMEI LANE,1.342689,103.958899
26 TELOK BLANGAH CRES,1.2767608,103.8189544
195E PUNGGOL RD,1.401795,103.9071923
135 TECK WHYE LANE,1.3805138,103.7515902
235 COMPASSVALE WALK,1.3908485,103.8995754
315A ANG MO KIO ST 31,1.3644618,103.8466525
586 PASIR RIS ST 53,1.3747347,103.9478
326 UBI AVE 1,1.3271524,103.9037074
269B QUEEN ST,1.300154,103.8538166
454 YISHUN ST 41,1.419757,103.8451524
295B COMPASSVALE CRES,1.3979526,103.9003069
512A YISHUN ST 51,1.4142385,103.8413158
534 HOUGANG ST 52,1.3771868,103.8903456
530A PASIR RIS DR 1,1.3709883,103.9497037
202 TOA PAYOH NTH,1.3414983,103.8495918
308 TAMPINES ST 32,1.3529348,103.9568655
470B FERNVALE LINK,1.3968764,103.8800427
19 CANTONMENT CL,1.2738915,103.8389936
250 HOUGANG AVE 3,1.3596874,103.8916077
205A COMPASSVALE LANE,1.3858607,103.8972032
175B YUNG KUANG RD,1.3330092,103.7208393
20 TIONG BAHRU RD,1.2858164,103.8321096
111 SIMEI ST 1,1.3423466,103.9495451
242 SERANGOON AVE 3,1.352611,103.8696835
29 LIM LIAK ST,1.2854164,103.8303888
234 BT BATOK EAST AVE 5,1.34928,103.7553953
381 CLEMENTI AVE 5,1.3185204,103.7679754
225 JURONG EAST ST 21,1.3421281,103.7368361
116 MARSILING RISE,1.4380727,103.7803788
406 BT BATOK WEST AVE 7,1.3652279,103.7458875
820 YISHUN ST 81,1.413093,103.8337174
402 TAMPINES ST 41,1.3573023,103.9455111
128C PUNGGOL FIELD WALK,1.3925965,103.9124324
314 JURONG EAST ST 32,1.3466967,103.733309
174 BOON LAY DR,1.346321,103.7094168
230H TAMPINES ST 21,1.3563094,103.949935
805C KEAT HONG CL,1.3726775,103.7437399
259 ANG MO KIO AVE 2,1.368534,103.8315543
4 CHANGI VILLAGE RD,1.3891466,103.9874204
306 WOODLANDS ST 31,1.4301936,103.7748213
239 CHOA CHU KANG CTRL,1.3794929,103.7475394
572B WOODLANDS AVE 1,1.4317144,103.7895433
611 ELIAS RD,1.3751328,103.9424517
9 JOO SENG RD,1.3348683,103.8791035
972 HOUGANG ST 91,1.378287,103.8791914
217 BEDOK NTH ST 1,1.3268697,103.9339311
523A TAMPINES CTRL 7,1.3594161,103.9385227
654 WOODLANDS RING RD,1.4377371,103.7991219
424B YISHUN AVE 11,1.4232201,103.8485298
128 BT BATOK WEST AVE 6,1.3516739,103.7456159
404 WOODLANDS ST 41,1.4303425,103.7722305
415 JURONG WEST ST 42,1.3528734,103.7250024
9 ST. GEORGE'S RD,1.3236785,103.862995
517 JURONG WEST ST 52,1.3456775,103.7194616
263 WATERLOO ST,1.298442,103.8523744
164C RIVERVALE CRES,1.3899604,103.907848
174 BT BATOK WEST AVE 8,1.3457004,103.7410022
127 BISHAN ST 12,1.3460802,103.8517432
818 JURONG WEST ST 81,1.3453035,103.6952102
536 PASIR RIS DR 1,1.3706948,103.9497944
1 CHANGI VILLAGE RD,1.387946,103.9876211
251 KIM KEAT LINK,1.3315722,103.8571926
224 PENDING RD,1.3758431,103.7729547
658B JURONG WEST ST 65,1.3365176,103.7007667
6 TECK WHYE AVE,1.3816742,103.7537627
116 LENGKONG TIGA,1.3228258,103.9119068
401 SERANGOON AVE 1,1.3463956,103.8733057
258 YISHUN ST 22,1.4352853,103.8396956
426 SERANGOON AVE 1,1.3477733,103.8762878
703 JURONG WEST ST 71,1.3417388,103.695834
728 TAMPINES ST 71,1.3562664,103.9349055
180 PASIR RIS ST 11,1.3639684,103.9604011
417 SERANGOON CTRL,1.3499348,103.8750535
305A PUNGGOL RD,1.4050887,103.9068083
470C UPP SERANGOON CRES,1.3786031,103.9009412
629 ANG MO KIO AVE 4,1.3801351,103.8404202
52 C'WEALTH DR,1.296245,103.799522
580 PASIR RIS ST 53,1.37459,103.9469382
519B TAMPINES CTRL 8,1.3573703,103.9401629
451 ANG MO KIO AVE 10,1.3690453,103.8567971
251 BT BATOK EAST AVE 5,1.3507399,103.7575494
356 BT BATOK ST 31,1.3619012,103.750866
210 CHOA CHU KANG CTRL,1.3824402,103.7481504
528 WOODLANDS DR 14,1.4318444,103.7921477
224 TAMPINES ST 23,1.3553701,103.9535112
117 HOUGANG AVE 1,1.353611,103.8882323
254 PASIR RIS ST 21,1.3683434,103.9634836
350A YISHUN AVE 11,1.4262315,103.8444058
526B PASIR RIS ST 51,1.3678981,103.9470485
440A CLEMENTI AVE 3,1.3159293,103.7640734
56 GEYLANG BAHRU,1.3237276,103.8683156
109A EDGEDALE PLAINS,1.3945432,103.9099812
663 JLN DAMAI,1.3346205,103.9088643
679C PUNGGOL DR,1.4065043,103.9087025
975 JURONG WEST ST 93,1.3403059,103.6935564
661B EDGEDALE PLAINS,1.4029986,103.916569
51 LENGKOK BAHRU,1.2879106,103.8128955
509 CHOA CHU KANG ST 51,1.3880506,103.7417238
468 TAMPINES ST 44,1.3604852,103.955143
218 YISHUN ST 21,1.43305,103.8362762
697B JURONG WEST CTRL 3,1.3406853,103.7083581
47 MOH GUAN TER,1.2842115,103.8310723
10 JLN RUMAH TINGGI,1.288298,103.8084491
268 PASIR RIS ST 21,1.3651971,103.963121
428 CHOA CHU KANG AVE 4,1.3812419,103.740004
560 CHOA CHU KANG NTH 6,1.3959366,103.7449294
439A SENGKANG WEST AVE,1.3917856,103.8776538
431 HOUGANG AVE 6,1.3756193,103.8930959
817A KEAT HONG LINK,1.3765491,103.7487546
547 HOUGANG ST 51,1.3792078,103.892022
106D PUNGGOL FIELD,1.3976016,103.9072902
162B RIVERVALE CRES,1.3904591,103.9075525
876 TAMPINES ST 84,1.3531584,103.9312118
122A EDGEDALE PLAINS,1.3936471,103.9093692
604A PUNGGOL RD,1.4044197,103.9073315
622 HOUGANG AVE 8,1.3699929,103.8828184
265A COMPASSVALE LINK,1.3825701,103.8952118
539 BT PANJANG RING RD,1.3831033,103.7631094
277D COMPASSVALE LINK,1.381849,103.893933
656D JURONG WEST ST 61,1.3355456,103.6997998
563 CHOA CHU KANG ST 52,1.3957823,103.7456386
125 PASIR RIS ST 11,1.3657606,103.9545084
639 BEDOK RESERVOIR RD,1.3317207,103.9046567
189C RIVERVALE DR,1.3954113,103.9033983
135 MARSILING RD,1.4375566,103.7777758
511C YISHUN ST 51,1.4154398,103.8427171
720 JURONG WEST AVE 5,1.3444104,103.6976529
549B SEGAR RD,1.3899322,103.7677175
688B WOODLANDS DR 75,1.443341,103.8069096
334B ANCHORVALE CRES,1.3986318,103.8897446
986C JURONG WEST ST 93,1.336895,103.6957358
1 JLN PASAR BARU,1.352083,103.819836
510 ANG MO KIO AVE 8,1.3734149,103.8492068
105 JURONG EAST ST 13,1.3372922,103.7383752
115 LENGKONG TIGA,1.3231226,103.9111817
476C CHOA CHU KANG AVE 5,1.377368,103.7380128
630 JURONG WEST ST 65,1.3427039,103.7001843
536 JELAPANG RD,1.3842549,103.76363
677B PUNGGOL DR,1.4053075,103.9095904
1 QUEEN'S RD,1.3173411,103.8067765
16 REDHILL CL,1.286275,103.8168223
253 HOUGANG AVE 3,1.3604897,103.8921513
262C COMPASSVALE ST,1.3947116,103.8950929
371 HOUGANG ST 31,1.3635583,103.8898253
47 JLN TIGA,1.3088202,103.8849492
110 CLEMENTI ST 13,1.3228759,103.7710952
18C HOLLAND DR,1.3104492,103.7917875
743 YISHUN AVE 5,1.4299473,103.8336948
759 CHOA CHU KANG NTH 5,1.3931531,103.7468832
673A EDGEFIELD PLAINS,1.4067404,103.9115188
53 C'WEALTH DR,1.296245,103.799522
477 TAMPINES ST 43,1.3609904,103.9527242
409 SAUJANA RD,1.3826484,103.7676887
146 SIMEI ST 2,1.3446873,103.9560269
277 BANGKIT RD,1.3761257,103.7747655
359 BT BATOK ST 31,1.3613129,103.7512281
761 YISHUN ST 72,1.4251259,103.8332645
757 CHOA CHU KANG NTH 5,1.3929385,103.745978
801D KEAT HONG CL,1.3753553,103.7431026
678C JURONG WEST ST 64,1.3448153,103.7037155
931 TAMPINES ST 91,1.3458655,103.9390978
303 BT BATOK ST 31,1.3570524,103.7475805
120 PENDING RD,1.3770539,103.7694484
626 JURONG WEST ST 65,1.3418351,103.6983746
8 BEDOK STH AVE 2,1.322852,103.9360838
804B KEAT HONG CL,1.3730465,103.7423107
539 PASIR RIS ST 51,1.369684,103.9504516
256 COMPASSVALE RD,1.3938738,103.8990788
644 BEDOK RESERVOIR RD,1.3304914,103.9058465
127 BT MERAH LANE 1,1.2853459,103.8034006
12 ST. GEORGE'S RD,1.3229851,103.8628421
274D JURONG WEST AVE 3,1.3522232,103.7043241
133 JLN BT MERAH,1.2796169,103.8272869
331 TAMPINES ST 32,1.3532838,103.9597665
335 JURONG EAST AVE 1,1.3502749,103.7321103
101A LOR 2 TOA PAYOH,1.3396943,103.8470604
253 BT BATOK EAST AVE 5,1.3501752,103.7575754
327 BT BATOK ST 33,1.3627981,103.7478796
238 TAMPINES ST 21,1.3557585,103.9465989
705 PASIR RIS DR 10,1.3807091,103.9378061
303C PUNGGOL CTRL,1.4040187,103.9051499
292 YISHUN ST 22,1.4362387,103.8381046
364B UPP SERANGOON RD,1.3706599,103.8967667
35 CHAI CHEE AVE,1.3247705,103.9260785
506 JURONG WEST ST 52,1.3491979,103.7187384
286B COMPASSVALE CRES,1.3976034,103.8957685
274B JURONG WEST ST 25,1.3528156,103.7032383
112 SERANGOON NTH AVE 1,1.3691764,103.8714966
111 BT PURMEI RD,1.274388,103.8272941
57 TEBAN GDNS RD,1.3226975,103.7371975
723 PASIR RIS ST 72,1.3807343,103.9366504
141 PASIR RIS ST 11,1.3641967,103.9589506
477B UPP SERANGOON VIEW,1.3789724,103.9041984
988B BUANGKOK GREEN,1.3801333,103.8777433
150 SILAT AVE,1.2771309,103.831453
428 JURONG WEST AVE 1,1.3516459,103.7253452
212 SERANGOON AVE 4,1.3567861,103.873032
61 JLN TENTERAM,1.3280255,103.8577626
38 KIM PONG RD,1.284886,103.8304567
495B TAMPINES ST 43,1.3628324,103.9513128
251 YISHUN RING RD,1.4347795,103.8413939
63 JLN MA'MOR,1.3285662,103.8574913
383 TAMPINES ST 32,1.3541707,103.958316
455 CLEMENTI AVE 3,1.31216,103.766708
389 TAMPINES ST 32,1.3547589,103.9578627
334D YISHUN ST 31,1.4324022,103.8466841
702 PASIR RIS DR 10,1.3801979,103.9375341
210 BISHAN ST 23,1.3558179,103.8488671
938 HOUGANG ST 92,1.3743338,103.8796471
312 CLEMENTI AVE 4,1.3190189,103.7639468
811 JURONG WEST ST 81,1.3464056,103.6966328
241 PASIR RIS ST 21,1.3731087,103.962577
848 YISHUN ST 81,1.4162387,103.8350761
301A PUNGGOL CTRL,1.4041886,103.906257
209C PUNGGOL PL,1.3992687,103.9008506
662A EDGEDALE PLAINS,1.4020676,103.9184646
211 BISHAN ST 23,1.3560642,103.849126
273C COMPASSVALE LINK,1.3845511,103.8944993
932B HOUGANG AVE 9,1.3751335,103.8821231
505D YISHUN ST 51,1.4189346,103.8443714
47 HOLLAND DR,1.3103512,103.792822
312C SUMANG LINK,1.4105406,103.9007373
342 CHOA CHU KANG LOOP,1.38399,103.7464306
168D PUNGGOL FIELD,1.3937489,103.9139919
672A EDGEFIELD PLAINS,1.4064536,103.912633
221 JURONG EAST ST 21,1.340865,103.736935
792 YISHUN RING RD,1.4207366,103.8321554
252 ANG MO KIO AVE 4,1.3688872,103.8342609
111 LENGKONG TIGA,1.3241484,103.9109099
618B PUNGGOL DR,1.4015463,103.912088
17 REDHILL CL,1.2852316,103.8176692
174B HOUGANG AVE 1,1.3495785,103.8891837
246 JURONG EAST ST 24,1.341818,103.739823
623B PUNGGOL CTRL,1.3994567,103.9117381
133 TECK WHYE LANE,1.3808091,103.7512281
64 JLN MA'MOR,1.3285493,103.8579033
632 VEERASAMY RD,1.3061145,103.854478
113 BEDOK NTH ST 2,1.3272085,103.9404827
417 BEDOK NTH AVE 2,1.3332482,103.9339131
312 SERANGOON AVE 2,1.3532482,103.8656944
2 DELTA AVE,1.291773,103.8280113
419 YISHUN AVE 11,1.4237554,103.8473218
167D SIMEI LANE,1.3428769,103.9590186
198 BOON LAY DR,1.3443667,103.7143308
116B JLN TENTERAM,1.3277272,103.8608929
44 LOR 5 TOA PAYOH,1.3365412,103.8538583
943 TAMPINES AVE 5,1.350297,103.941165
945 TAMPINES AVE 4,1.3509808,103.9405481
434 JURONG WEST ST 42,1.3523926,103.7226267
144 TECK WHYE LANE,1.3808027,103.752585
508B YISHUN AVE 4,1.414241,103.8392312
234 HOUGANG AVE 1,1.3581665,103.888708
124 BT MERAH LANE 1,1.2859123,103.8034685
28 BALAM RD,1.3305842,103.8865084
192 PASIR RIS ST 12,1.366338,103.9590186
525 BT BATOK ST 52,1.3570573,103.7522238
829 WOODLANDS ST 83,1.4394615,103.7902707
319 TAMPINES ST 33,1.3511802,103.9565028
216A BOON LAY AVE,1.3504749,103.7122277
37 LIM LIAK ST,1.2851238,103.8304324
190A RIVERVALE DR,1.3951481,103.902961
120 HOUGANG AVE 1,1.3544383,103.8876207
233 HOUGANG ST 21,1.35795,103.8881644
801A KEAT HONG CL,1.3759485,103.7431244
311 BT BATOK ST 32,1.3602317,103.7482406
328 YISHUN RING RD,1.4295419,103.8429565
425 BT BATOK WEST AVE 2,1.361806,103.745186
801 YISHUN RING RD,1.4180901,103.8321776
678B JURONG WEST ST 64,1.3451073,103.7038965
326 BT BATOK ST 33,1.3622829,103.748241
402 BT BATOK WEST AVE 7,1.3646934,103.7442908
432 HOUGANG AVE 6,1.3764756,103.8931252
378 CLEMENTI AVE 5,1.3176474,103.7674392
253 COMPASSVALE ST,1.3942525,103.9002972
268D COMPASSVALE LINK,1.3850457,103.8956401
515 CHOA CHU KANG ST 51,1.3902258,103.7434942
526D PASIR RIS ST 51,1.3687977,103.9471975
172 BOON LAY DR,1.3465502,103.7077881
987A BUANGKOK GREEN,1.3801059,103.8784057
260 BOON LAY DR,1.3451572,103.7079687
571C WOODLANDS AVE 1,1.430454,103.7899764
491B TAMPINES AVE 9,1.3622661,103.9542138
52 HAVELOCK RD,1.2894484,103.8285321
502 BISHAN ST 11,1.3485995,103.8483454
561 PASIR RIS ST 51,1.3670285,103.9506103
369 YUNG AN RD,1.3370316,103.7198215
779 PASIR RIS ST 71,1.373996,103.937797
532 PASIR RIS DR 1,1.3713664,103.9507689
652 YISHUN AVE 4,1.4237633,103.8401485
559 HOUGANG ST 51,1.3799976,103.8894913
70A TELOK BLANGAH HTS,1.2764241,103.8111733
274A PUNGGOL PL,1.4027329,103.9023502
3C UPP BOON KENG RD,1.3138486,103.8729892
930 JURONG WEST ST 92,1.3407847,103.6898694
588B MONTREAL DR,1.4504221,103.825113
856E TAMPINES ST 82,1.3527734,103.9406841
450B SENGKANG WEST WAY,1.393948,103.873277
314 CLEMENTI AVE 4,1.3195864,103.7676871
327 WOODLANDS ST 32,1.4303313,103.7804292
488A CHOA CHU KANG AVE 5,1.3769963,103.7390296
106 POTONG PASIR AVE 1,1.3341951,103.8680431
504 SERANGOON NTH AVE 4,1.3702886,103.8716082
141 MARSILING RD,1.4373587,103.7771194
780C WOODLANDS CRES,1.4491747,103.8013857
825 TAMPINES ST 81,1.3494159,103.9327527
880A TAMPINES AVE 8,1.3520555,103.9320276
160 BISHAN ST 13,1.3472244,103.8564538
115 BT MERAH CTRL,1.2842039,103.8146073
176C EDGEFIELD PLAINS,1.3986352,103.9086442
602 ELIAS RD,1.3774669,103.9440834
211D PUNGGOL WALK,1.4009644,103.8992195
216 BOON LAY AVE,1.3498631,103.7111704
502 WOODLANDS DR 14,1.4332317,103.7917873
34 KIM CHENG ST,1.2849521,103.8317248
237 BT BATOK EAST AVE 5,1.3495123,103.7552337
522 JURONG WEST ST 52,1.3464988,103.716747
449 YISHUN RING RD,1.4227716,103.8442784
633B PUNGGOL DR,1.4013168,103.9134523
485 CHOA CHU KANG AVE 5,1.374729,103.7380128
116 TECK WHYE LANE,1.3793392,103.7518617
181 PASIR RIS ST 11,1.3644804,103.9604918
71 CIRCUIT RD,1.3249925,103.8880511
355 CHOA CHU KANG CTRL,1.3830339,103.7438283
70B TELOK BLANGAH HTS,1.2765156,103.8106617
218 BT BATOK ST 21,1.3472353,103.7543086
842 JURONG WEST ST 81,1.3445807,103.6934907
184 BISHAN ST 13,1.3501037,103.8523773
14 MARINE TER,1.3035332,103.915396
930 YISHUN CTRL 1,1.4266098,103.8373231
33 LIM LIAK ST,1.2851263,103.8315808
679B PUNGGOL DR,1.4059427,103.9082951
510 CHOA CHU KANG ST 51,1.3880707,103.7414296
326D ANCHORVALE RD,1.3961201,103.8881644
31 DOVER RD,1.300158,103.784235
248 PASIR RIS ST 21,1.370691,103.9627583
62 JLN MA'MOR,1.3281909,103.8576962
303A PUNGGOL CTRL,1.4037629,103.9056612
259C COMPASSVALE RD,1.3937425,103.8979542
110 SIMEI ST 1,1.3427451,103.950225
636 VEERASAMY RD,1.306385,103.8554152
259 JURONG EAST ST 24,1.3441689,103.739825
206 BOON LAY DR,1.3449815,103.7150475
173 BT BATOK WEST AVE 8,1.3461222,103.7408891
209 CHOA CHU KANG CTRL,1.3828353,103.7479704
143 TAMPINES ST 12,1.3480349,103.9436301
226 SIMEI ST 4,1.3427598,103.9571374
350 CLEMENTI AVE 2,1.3156443,103.7702386
94E BEDOK NTH AVE 4,1.3333411,103.9409107
455 PASIR RIS DR 6,1.3717712,103.9583414
849 YISHUN RING RD,1.4170839,103.8354722
32 EUNOS CRES,1.3203452,103.9010998
241 COMPASSVALE WALK,1.3899224,103.8976707
240 BISHAN ST 22,1.360985,103.8451304
416 CHOA CHU KANG AVE 4,1.3833568,103.7419048
664 JLN DAMAI,1.3342575,103.9089161
50 HOY FATT RD,1.2876985,103.8110754
316 HOUGANG AVE 7,1.3649315,103.8965009
642 BT BATOK CTRL,1.3488198,103.7519782
139 BISHAN ST 12,1.3452508,103.852717
27 BALAM RD,1.330416,103.8862225
123D RIVERVALE DR,1.3870033,103.9021873
986B JURONG WEST ST 93,1.3371818,103.6954425
137 TECK WHYE LANE,1.3813164,103.7524945
215A JURONG EAST ST 21,1.3395562,103.7382845
145 YISHUN ST 11,1.4308572,103.8319059
3 EAST COAST RD,1.304137,103.9020291
807 YISHUN RING RD,1.4167736,103.8315436
868C TAMPINES AVE 8,1.3558554,103.9332059
808A CHAI CHEE RD,1.3270006,103.9238701
844 SIMS AVE,1.318255,103.9013159
820 JURONG WEST ST 81,1.3463477,103.6951876
341 CHOA CHU KANG LOOP,1.3844869,103.7460912
642 PASIR RIS DR 10,1.3775953,103.9382283
245 BT BATOK EAST AVE 5,1.3497823,103.7572059
302 WOODLANDS ST 31,1.4318415,103.7744066
423 SERANGOON CTRL,1.3484994,103.875571
624 BEDOK RESERVOIR RD,1.3342146,103.9163476
654 HOUGANG AVE 8,1.3727825,103.8818217
878A TAMPINES AVE 8,1.3517358,103.9297785
811A CHOA CHU KANG AVE 7,1.3738631,103.7453965
613C PUNGGOL DR,1.4040469,103.9085603
827 YISHUN ST 81,1.4148059,103.832472
485 JURONG WEST AVE 1,1.3483436,103.7271548
484 TAMPINES ST 43,1.361307,103.952521
662C EDGEDALE PLAINS,1.4021328,103.9179985
147 SILAT AVE,1.2773596,103.8311158
803C KEAT HONG CL,1.37348,103.7440413
677C PUNGGOL DR,1.4057452,103.9097921
62A STRATHMORE AVE,1.2944327,103.8114769
50 STIRLING RD,1.2972666,103.8036848
467A FERNVALE LINK,1.3980204,103.8783613
51 C'WEALTH DR,1.296245,103.799522
167D PUNGGOL EAST,1.394542,103.914562
622 ANG MO KIO AVE 9,1.3821158,103.8396628
424 JURONG WEST AVE 1,1.3510492,103.72487
668B EDGEFIELD PLAINS,1.4048777,103.9130583
351C CANBERRA RD,1.4513921,103.8196563
173 STIRLING RD,1.295282,103.8045945
672C EDGEFIELD PLAINS,1.4074155,103.9112726
183D BOON LAY AVE,1.3490972,103.7089745
416 PANDAN GDNS,1.320992,103.7483088
819 YISHUN ST 81,1.4124308,103.8340797
515C TAMPINES CTRL 7,1.3569233,103.9383726
449 CHOA CHU KANG AVE 4,1.3792109,103.7362931
46 JLN BAHAGIA,1.3276979,103.8569228
172 STIRLING RD,1.295282,103.8045945
317C YISHUN AVE 9,1.4337237,103.843047
142 TAMPINES ST 12,1.348711,103.944656
45 HOLLAND DR,1.3086285,103.7929418
167 WOODLANDS ST 11,1.4332006,103.7757653
272B PUNGGOL WALK,1.4033041,103.9002163
656 HOUGANG AVE 8,1.3734424,103.8817311
605 CHOA CHU KANG ST 62,1.3982899,103.7451773
6 YUNG PING RD,1.3302612,103.7219013
180C BOON LAY DR,1.3483242,103.708941
41 CAMBRIDGE RD,1.3161086,103.8502139
812B CHOA CHU KANG AVE 7,1.3732141,103.7463401
988A BUANGKOK GREEN,1.3793867,103.877286
253 KIM KEAT AVE,1.331142,103.8577789
149 BT BATOK WEST AVE 6,1.3492703,103.7443519
275D JURONG WEST ST 25,1.353531,103.7030799
812A CHOA CHU KANG AVE 7,1.3735052,103.7467021
878 YISHUN ST 81,1.4141919,103.8357075
175C YUNG KUANG RD,1.3327682,103.7213597
635A PUNGGOL DR,1.4010764,103.9138452
481 PASIR RIS DR 4,1.3741016,103.9587919
315A ANCHORVALE RD,1.3919653,103.8890373
420 PASIR RIS DR 6,1.3716194,103.9544177
524A TAMPINES CTRL 7,1.3584565,103.9390978
210C COMPASSVALE LANE,1.3842644,103.8995845
112 PENDING RD,1.3785618,103.7687223
105 LENGKONG TIGA,1.3233079,103.9109383
464 PASIR RIS ST 41,1.3726589,103.95818
613A BEDOK RESERVOIR RD,1.3328851,103.9174117
345 JURONG EAST ST 31,1.3455308,103.731154
349 JURONG EAST AVE 1,1.3444364,103.7314982
329B ANCHORVALE ST,1.3958198,103.8893423
324 YISHUN CTRL,1.4284481,103.8418695
246 HOUGANG ST 22,1.3588823,103.891517
618C PUNGGOL DR,1.401674,103.91183
401 YISHUN AVE 6,1.4270218,103.8471233
548B SEGAR RD,1.3894418,103.7685153
48 DORSET RD,1.3142959,103.8505984
107 GANGSA RD,1.3782249,103.7667985
649 PASIR RIS DR 10,1.378508,103.9383953
601 CHOA CHU KANG ST 62,1.3969052,103.7448918
443C FERNVALE RD,1.3913133,103.8739164
512B YISHUN ST 51,1.4144708,103.8417616
304 SERANGOON AVE 2,1.3538957,103.8676876
475A UPP SERANGOON CRES,1.3762625,103.9003069
264D COMPASSVALE BOW,1.3816467,103.8959864
335 UBI AVE 1,1.3260968,103.9028443
39A BENDEMEER RD,1.3203033,103.8664174
201 BOON LAY DR,1.3433675,103.7154547
939 TAMPINES AVE 5,1.3483419,103.9411826
355A SEMBAWANG WAY,1.4495239,103.8189115
648 WOODLANDS RING RD,1.4382364,103.8014763
230 JURONG EAST ST 21,1.341539,103.7373794
405C FERNVALE LANE,1.3892925,103.8734177
169B PUNGGOL FIELD,1.3930801,103.9140184
890A TAMPINES AVE 1,1.3467722,103.9341573
10 TOH YI DR,1.3376784,103.7733174
308A ANG MO KIO AVE 1,1.3655146,103.8440661
336C ANCHORVALE CRES,1.3978401,103.8885721
113A MCNAIR RD,1.3210213,103.859466
649 HOUGANG AVE 8,1.3724233,103.8805496
676C PUNGGOL DR,1.4052808,103.9104946
411 BEDOK NTH AVE 2,1.3332226,103.9339182
156 WOODLANDS ST 13,1.434253,103.774323
458 ANG MO KIO AVE 10,1.3666504,103.8595793
158 BEDOK STH AVE 3,1.318767,103.9450805
50 JLN BAHAGIA,1.3277354,103.85625
52 JLN BAHAGIA,1.3278148,103.8558964
120 BISHAN ST 12,1.3473048,103.8508603
197A BOON LAY DR,1.3442843,103.7137575
463 PASIR RIS ST 41,1.3726017,103.9579736
256B SUMANG WALK,1.4061809,103.8962074
313 TAMPINES ST 33,1.3521125,103.9569007
232 BAIN ST,1.2967781,103.8533401
137 BT BATOK WEST AVE 6,1.3505121,103.7449857
140 MARSILING RD,1.4376546,103.7767573
230F TAMPINES ST 24,1.3561727,103.9507817
138 BEDOK RESERVOIR RD,1.3345261,103.9130849
265E COMPASSVALE BOW,1.381906,103.896722
698B JURONG WEST CTRL 3,1.3408472,103.7075372
277 CHOA CHU KANG AVE 2,1.3800422,103.7445298
506 BISHAN ST 11,1.3491761,103.8493016
159 YUNG PING RD,1.3293202,103.7224457
636 HOUGANG AVE 8,1.3710335,103.8791007
507A YISHUN AVE 4,1.4152236,103.839624
87 BEDOK NTH ST 4,1.3316947,103.93842
494D TAMPINES ST 43,1.3635725,103.9530579
275 BT BATOK EAST AVE 4,1.3481705,103.7581725
520B TAMPINES CTRL 8,1.3571468,103.939755
612 JURONG WEST ST 65,1.3394043,103.7007273
203 BOON LAY DR,1.3442154,103.7157282
96 MARGARET DR,1.29971,103.8034712
119 YISHUN RING RD,1.4354053,103.8291661
365C UPP SERANGOON RD,1.3692496,103.8970446
803B KEAT HONG CL,1.3737133,103.7437062
18A CIRCUIT RD,1.3293733,103.8879972
163 WOODLANDS ST 13,1.4329924,103.7739733
429 JURONG WEST AVE 1,1.3519334,103.7246207
10 TEBAN GDNS RD,1.3221208,103.7428778
211C PUNGGOL WALK,1.4010228,103.8989962
315B PUNGGOL WAY,1.4081377,103.8966508
375 BT BATOK ST 31,1.3584527,103.7502141
55 HAVELOCK RD,1.2901025,103.8292566
526A PASIR RIS ST 51,1.3675347,103.9472442
818B CHOA CHU KANG AVE 1,1.3772949,103.7483301
180B BOON LAY DR,1.3480008,103.7091427
333C ANCHORVALE LINK,1.3944608,103.8917587
206 YISHUN ST 21,1.4312489,103.8368197
748 YISHUN ST 72,1.4278368,103.8334382
874 YISHUN ST 81,1.4152774,103.8363441
719 JURONG WEST AVE 5,1.3446888,103.696997
990B JURONG WEST ST 93,1.3354336,103.6958424
443 HOUGANG AVE 8,1.3795183,103.8933506
601D PUNGGOL CTRL,1.402984,103.907767
541 BEDOK NTH ST 3,1.3313958,103.9229638
159A RIVERVALE CRES,1.3879198,103.9072384
197C BOON LAY DR,1.3433863,103.7136874
527 BEDOK NTH ST 3,1.3338375,103.9284117
166 BT BATOK WEST AVE 8,1.3472942,103.7429005
18B HOLLAND DR,1.3112479,103.7915347
293C COMPASSVALE CRES,1.3964985,103.8961337
780 YISHUN RING RD,1.422166,103.8328151
931 YISHUN CTRL 1,1.4266417,103.8371531
121B CANBERRA ST,1.4478928,103.833978
256 JURONG EAST ST 24,1.3441045,103.7382863
472C FERNVALE ST,1.3963814,103.881278
91 DAWSON RD,1.2953335,103.8125242
144 PETIR RD,1.3757274,103.7677038
41 KIM CHENG ST,1.2847151,103.8316116
129 SIMEI ST 1,1.3467665,103.9545588
335 HOUGANG AVE 7,1.3689465,103.8987664
447A JLN KAYU,1.3922492,103.8725797
27 LIM LIAK ST,1.2854689,103.830819
523B TAMPINES CTRL 7,1.3600162,103.9384406
49 KIM PONG RD,1.2843053,103.8305814
535 PASIR RIS DR 1,1.3766867,103.9387446
135 PASIR RIS ST 11,1.3645724,103.9573188
526 JURONG WEST ST 52,1.347724,103.7170413
432B YISHUN AVE 1,1.4190094,103.8467491
271B PUNGGOL WALK,1.4041816,103.9005788
211 NEW UPP CHANGI RD,1.3255108,103.931987
341 SEMBAWANG CL,1.4471601,103.8187243
474 TAMPINES ST 43,1.3598407,103.9527077
285 YISHUN AVE 6,1.4399842,103.8393332
106 TOWNER RD,1.3210859,103.8609608
427 HOUGANG AVE 6,1.3745275,103.8930766
724 CLEMENTI WEST ST 2,1.303617,103.7633584
2 QUEEN'S RD,1.3228333,103.8110075
111 BEDOK RESERVOIR RD,1.3299151,103.9100716
639 HOUGANG AVE 8,1.3706824,103.879785
703 PASIR RIS DR 10,1.3804386,103.9371036
13 JOO SENG RD,1.3354188,103.8794191
258 KIM KEAT AVE,1.3325768,103.8575409
640A YISHUN ST 61,1.420917,103.83911
937 JURONG WEST ST 91,1.3425601,103.6900729
325 UBI AVE 1,1.3277008,103.9038411
31 EUNOS CRES,1.3206345,103.9017341
628 JURONG WEST ST 65,1.3421957,103.69937
468A FERNVALE LINK,1.3973988,103.8783576
174 BISHAN ST 13,1.3480462,103.8543576
828 WOODLANDS ST 81,1.4397025,103.7898859
667B PUNGGOL DR,1.4021096,103.9149166
161A PUNGGOL CTRL,1.3959171,103.9149385
256D SUMANG WALK,1.4049485,103.8957983
509 BT BATOK ST 52,1.3525587,103.7541474
111 C'WEALTH CRES,1.352083,103.819836
56 STIRLING RD,1.2966865,103.8042269
577 PASIR RIS ST 53,1.3736046,103.9469388
912 JURONG WEST ST 91,1.341313,103.687155
405 FAJAR RD,1.3813027,103.7671937
348 JURONG EAST AVE 1,1.344585,103.7311362
105 SIMEI ST 1,1.3411909,103.9505387
805D KEAT HONG CL,1.3725102,103.7446055
529 JELAPANG RD,1.3860042,103.7645213
44 LENGKOK BAHRU,1.2868911,103.8116187
216 CHOA CHU KANG CTRL,1.3833085,103.7469963
360 TAMPINES ST 34,1.3553922,103.9622144
490C CHOA CHU KANG AVE 5,1.376076,103.741641
118 BISHAN ST 12,1.346648,103.849912
39 JLN BAHAGIA,1.3272605,103.8561141
101 LENGKONG TIGA,1.3251726,103.9109099
490A CHOA CHU KANG AVE 5,1.3752776,103.7413391
698D HOUGANG ST 52,1.3756354,103.8887422
8C UPP BOON KENG RD,1.3131801,103.8707602
479 SEGAR RD,1.3897,103.7726831
47 JLN BAHAGIA,1.3275486,103.8569294
424C YISHUN AVE 11,1.4229839,103.8490517
487C CHOA CHU KANG AVE 5,1.3765006,103.7391436
235 JURONG EAST ST 21,1.3399734,103.7421764
196B BOON LAY DR,1.3428885,103.7141525
248 YISHUN AVE 9,1.435696,103.8423094
256A SUMANG WALK,1.4060265,103.8954798
145 SIMEI ST 2,1.3447458,103.955415
109D EDGEDALE PLAINS,1.39551,103.908885
760 JURONG WEST ST 74,1.349599,103.6999161
121 MARSILING RISE,1.439176,103.7800167
548 ANG MO KIO AVE 10,1.3728555,103.857088
468 HOUGANG AVE 8,1.3737223,103.8971434
408 ANG MO KIO AVE 10,1.3625408,103.854642
364 YISHUN RING RD,1.4291651,103.8445869
593A MONTREAL LINK,1.4516421,103.8279187
987B BUANGKOK GREEN,1.3794323,103.8782989
434A FERNVALE RD,1.3943716,103.876173
780F WOODLANDS CRES,1.4479155,103.7993612
619B PUNGGOL DR,1.403074,103.9109325
180B MARSILING RD,1.4395269,103.7785654
135 POTONG PASIR AVE 3,1.3347196,103.8667816
242 BT PANJANG RING RD,1.3801183,103.7718688
638 HOUGANG AVE 8,1.3708165,103.8786476
317B YISHUN AVE 9,1.4340922,103.8427753
731 YISHUN ST 72,1.4283169,103.8310968
518A TAMPINES CTRL 7,1.356362,103.938405
831 JURONG WEST ST 81,1.3449793,103.6947818
618 HOUGANG AVE 8,1.3696919,103.8841775
293B COMPASSVALE CRES,1.3969516,103.8961384
908 TAMPINES AVE 4,1.3504608,103.9387125
748C BEDOK RESERVOIR CRES,1.3361274,103.9214414
18 GHIM MOH RD,1.3102163,103.7870789
821 TAMPINES ST 81,1.3486734,103.9345656
436 ANG MO KIO AVE 10,1.3673092,103.8541857
830A JURONG WEST ST 81,1.3452364,103.6941242
143 JLN BT MERAH,1.2777962,103.8300431
803D KEAT HONG CL,1.3730979,103.7442499
183 PASIR RIS ST 11,1.3649748,103.9604691
502 JURONG WEST AVE 1,1.3504465,103.7181955
320 BT BATOK ST 33,1.3611729,103.7469511
416 EUNOS RD 5,1.3178146,103.8974637
933A HOUGANG AVE 9,1.3748449,103.8824909
448B SENGKANG WEST WAY,1.393396,103.873174
344 CLEMENTI AVE 5,1.3180751,103.7690618
472B FERNVALE ST,1.3969207,103.8812836
352 JURONG EAST ST 31,1.3450286,103.7304123
230G TAMPINES ST 21,1.3561273,103.9502581
672A YISHUN AVE 4,1.4188931,103.841257
53 STIRLING RD,1.2967747,103.8035552
330A ANCHORVALE ST,1.3965495,103.889886
868A TAMPINES AVE 8,1.3556356,103.9324403
242 KIM KEAT LINK,1.3300724,103.8558006
633 BEDOK RESERVOIR RD,1.3303075,103.9050901
621 HOUGANG AVE 8,1.3702135,103.8831835
136 BEDOK NTH AVE 3,1.3281793,103.9352001
117 PENDING RD,1.3773335,103.7679922
45 KIM CHENG ST,1.2842126,103.8315944
499A TAMPINES AVE 9,1.3592121,103.9562951
944 TAMPINES AVE 5,1.3503915,103.9411826
339D KANG CHING RD,1.3389158,103.7221742
89 DAWSON RD,1.2954574,103.8117132
592C MONTREAL LINK,1.4512144,103.8275584
705 YISHUN AVE 5,1.4291107,103.829551
18 KG BAHRU HILL,1.2730202,103.8288487
344 YISHUN AVE 11,1.4290379,103.8443831
105A DEPOT RD,1.2811518,103.8114113
510 HOUGANG AVE 10,1.372615,103.8884588
252 YISHUN RING RD,1.4347246,103.8410206
217B COMPASSVALE DR,1.3893166,103.8940786
672B YISHUN AVE 4,1.4183441,103.8420212
498 JURONG WEST ST 41,1.348725,103.7245304
117 MARSILING RISE,1.4381472,103.7801977
137 PASIR RIS ST 11,1.3651764,103.9573414
44 STIRLING RD,1.2977829,103.8027214
721 PASIR RIS ST 72,1.381468,103.9364691
226E ANG MO KIO AVE 1,1.3665629,103.8397661
211 PETIR RD,1.3747438,103.7760556
450C SENGKANG WEST WAY,1.3937529,103.873475
125 POTONG PASIR AVE 1,1.335394,103.8651556
96A HENDERSON RD,1.2884289,103.8211506
12 REDHILL CL,1.286151,103.8165318
607 HOUGANG AVE 4,1.3701923,103.8862615
168C SIMEI LANE,1.3425278,103.9584231
335B YISHUN ST 31,1.4325235,103.8439617
70C TELOK BLANGAH HTS,1.2759411,103.8108565
437 CHOA CHU KANG AVE 4,1.384302,103.7405632
204 BISHAN ST 23,1.3549987,103.8474093
879A TAMPINES AVE 8,1.3519084,103.9290075
868B TAMPINES AVE 8,1.3559992,103.9328844
26 TIONG BAHRU RD,1.2856882,103.830819
748B BEDOK RESERVOIR CRES,1.336289,103.9211329
146 POTONG PASIR AVE 1,1.3317893,103.8672346
200 BOON LAY DR,1.3429923,103.7147212
36 DOVER RD,1.2996238,103.7827349
147 SIMEI ST 2,1.3455332,103.9558311
314 BT BATOK ST 32,1.3602936,103.7469511
43 SIMS DR,1.3172458,103.8765828
128 SIMEI ST 1,1.3469632,103.954803
857A TAMPINES ST 83,1.354308,103.93513
315 TAMPINES ST 33,1.3521985,103.9575907
23 KG BAHRU HILL,1.2770827,103.8365477
162C RIVERVALE CRES,1.3900388,103.9084406
528A PASIR RIS ST 51,1.3702673,103.9478
805B KEAT HONG CL,1.3729511,103.7427019
288A COMPASSVALE CRES,1.3985576,103.8972261
668A EDGEFIELD PLAINS,1.4049424,103.9125234
479 TAMPINES ST 44,1.3615084,103.9536373
513 WELLINGTON CIRCLE,1.4541979,103.8200412
151 PETIR RD,1.3772758,103.7661648
116 POTONG PASIR AVE 1,1.3367982,103.8626208
411 SAUJANA RD,1.3830589,103.7675227
863A TAMPINES ST 83,1.3554686,103.936741
449 PASIR RIS DR 6,1.3708753,103.9583692
721 CLEMENTI WEST ST 2,1.3024407,103.7643542
753 YISHUN ST 72,1.4270431,103.8346911
492B TAMPINES AVE 9,1.3629841,103.9535112
258B PUNGGOL FIELD,1.4036495,103.8963679
131 GEYLANG EAST AVE 1,1.3167492,103.8868096
273C PUNGGOL PL,1.4022707,103.9013943
807A CHOA CHU KANG AVE 1,1.3761469,103.7446542
636B PUNGGOL DR,1.4004868,103.9137415
49 TEBAN GDNS RD,1.3210354,103.7381933
496C TAMPINES ST 43,1.3621063,103.9502703
196A BOON LAY DR,1.3428885,103.7141525
272 CHOA CHU KANG AVE 2,1.3788044,103.7430815
966 JURONG WEST ST 93,1.337031,103.6942256
303 WOODLANDS ST 31,1.4309433,103.7737488
19 KG BAHRU HILL,1.277176,103.8365537
604 HOUGANG AVE 4,1.3710187,103.8859219
837 WOODLANDS ST 82,1.4408669,103.7915157
331C ANCHORVALE ST,1.3955977,103.8897048
10A BENDEMEER RD,1.3150044,103.8605316
859 YISHUN AVE 4,1.4180465,103.8393332
351 BT BATOK ST 34,1.3618364,103.7494177
113D MCNAIR RD,1.3203346,103.8598175
664A YISHUN AVE 4,1.4202074,103.8406061
11 JLN BT MERAH,1.2866867,103.8089019
152 YISHUN ST 11,1.4310278,103.8347554
460 HOUGANG AVE 10,1.3732924,103.8946886
288C COMPASSVALE CRES,1.3984055,103.898132
279 CHOA CHU KANG AVE 3,1.3806902,103.7434209
666 HOUGANG AVE 4,1.3736414,103.8849019
132 PASIR RIS ST 11,1.3661181,103.9559589
483 TAMPINES ST 43,1.3612588,103.9526325
143 BISHAN ST 12,1.345653,103.8528076
811B CHOA CHU KANG AVE 7,1.3738085,103.7452694
490B CHOA CHU KANG AVE 5,1.3755336,103.7414296
106 WOODLANDS ST 13,1.4367398,103.7822802
471 PASIR RIS DR 6,1.374292,103.957766
6 UPP BOON KENG RD,1.3134526,103.8697764
637A YISHUN ST 61,1.4205,103.839248
118 HOUGANG AVE 1,1.3534139,103.8875301
292 CHOA CHU KANG AVE 3,1.378293,103.739679
928 TAMPINES ST 91,1.3460055,103.9401855
10 ST. GEORGE'S RD,1.3237886,103.8633858
287A COMPASSVALE CRES,1.3979177,103.8958564
150 WOODLANDS ST 13,1.4353246,103.773679
211A PUNGGOL WALK,1.4017664,103.8999444
488B CHOA CHU KANG AVE 5,1.3769963,103.7390296
806 HOUGANG CTRL,1.3710897,103.8941358
42 HOLLAND DR,1.3079149,103.7929645
808B CHAI CHEE RD,1.3274206,103.9239834
112 CLEMENTI ST 13,1.3231939,103.7699671
363 YUNG AN RD,1.3366379,103.7202511
114 BEDOK NTH ST 2,1.3337078,103.9319583
264A COMPASSVALE BOW,1.3811243,103.896856
28 TIONG BAHRU RD,1.2857107,103.8303942
195C PUNGGOL RD,1.4011383,103.9068317
287C COMPASSVALE CRES,1.3987808,103.8966821
410 EUNOS RD 5,1.318443,103.899686
247 BISHAN ST 22,1.3609967,103.8431376
424 BT BATOK WEST AVE 2,1.3618036,103.7455933
129 BISHAN ST 12,1.345701,103.85039
332 WOODLANDS AVE 1,1.4297679,103.7791792
634A SENJA RD,1.386291,103.7571012
279A SENGKANG EAST AVE,1.3858305,103.8930575
218C BOON LAY AVE,1.3506934,103.7112508
131 POTONG PASIR AVE 1,1.334582,103.8652414
281 BISHAN ST 24,1.3572528,103.8445869
822 WOODLANDS ST 82,1.4419063,103.7894235
802A KEAT HONG CL,1.3745838,103.7437332
264B COMPASSVALE BOW,1.3813927,103.8965574
122 BT MERAH LANE 1,1.2864933,103.8041929
164 WOODLANDS ST 13,1.4329904,103.7742901
404 SIN MING AVE,1.362625,103.833902
133 POTONG PASIR AVE 1,1.3342856,103.8658756
376A HOUGANG ST 32,1.3635198,103.8935745
502A YISHUN ST 51,1.4162964,103.8414807
57 JLN MA'MOR,1.3283952,103.8569353
812C CHOA CHU KANG AVE 7,1.3728462,103.7459063
52 TANGLIN HALT RD,1.3010799,103.7982321
41 JLN BAHAGIA,1.3272071,103.8565032
311 CLEMENTI AVE 4,1.3193696,103.7650551
426 FAJAR RD,1.3863448,103.7695129
932A HOUGANG AVE 9,1.375308,103.881803
651 HOUGANG AVE 8,1.372567,103.8810968
95A HENDERSON RD,1.2865529,103.8215468
482 TAMPINES ST 43,1.361307,103.952521
728 ANG MO KIO AVE 6,1.3727031,103.8456739
311 SERANGOON AVE 2,1.3536839,103.8663286
18 TOH YI DR,1.3400088,103.772785
316 SERANGOON AVE 2,1.3529506,103.8665098
207A PUNGGOL PL,1.4002261,103.9012298
145 SERANGOON NTH AVE 1,1.3679231,103.8723981
530 ANG MO KIO AVE 10,1.3727919,103.8554573
318A YISHUN AVE 9,1.4341054,103.8436132
441 HOUGANG AVE 8,1.3784981,103.8939636
269C QUEEN ST,1.3007425,103.8535583
304 WOODLANDS ST 31,1.4298927,103.7737696
56 NEW UPP CHANGI RD,1.3251127,103.9409926
260B PUNGGOL WAY,1.4044522,103.8967614
663B PUNGGOL DR,1.4005992,103.9170284
502 TAMPINES CTRL 1,1.3563708,103.9451712
58 JLN MA'MOR,1.3281424,103.8574818
72 LOR 5 TOA PAYOH,1.3338531,103.8521098
73 C'WEALTH DR,1.296245,103.799522
203 CLEMENTI AVE 6,1.3207667,103.7622947
442 HOUGANG AVE 8,1.3792851,103.8931697
663A YISHUN AVE 4,1.420191,103.839682
340 ANG MO KIO AVE 1,1.3644769,103.8494785
95B HENDERSON RD,1.2870311,103.8215329
530B PASIR RIS DR 1,1.3716474,103.9497037
161 BEDOK STH AVE 3,1.3195596,103.9458057
129 POTONG PASIR AVE 1,1.3347269,103.8655132
816A KEAT HONG LINK,1.3760195,103.7487348
38 JLN BAHAGIA,1.3269571,103.8564772
15 MARINE TER,1.3048576,103.9139459
515 SERANGOON NTH AVE 4,1.3702886,103.8716082
554 ANG MO KIO AVE 10,1.372778,103.8578127
23 LIM LIAK ST,1.2854911,103.8316982
169 BISHAN ST 13,1.3468538,103.8540759
530 HOUGANG AVE 6,1.3752792,103.8900899
124 POTONG PASIR AVE 1,1.3353129,103.8654226
273D PUNGGOL PL,1.4026541,103.9016436
245 KIM KEAT LINK,1.3310779,103.8566514
506B YISHUN AVE 4,1.4160161,103.8400673
858B TAMPINES AVE 5,1.3543588,103.9387352
335B ANCHORVALE CRES,1.3987507,103.8885249
221 CHOA CHU KANG CTRL,1.3822389,103.7449823
863B TAMPINES ST 83,1.3554782,103.9351094
96B HENDERSON RD,1.288026,103.8212865
288B COMPASSVALE CRES,1.3984815,103.8976787
25 LIM LIAK ST,1.2854661,103.8312945
18 MARSILING LANE,1.443392,103.7778664
143 MARSILING RD,1.4367003,103.7767573
887C WOODLANDS DR 50,1.4371235,103.7944812
801C KEAT HONG CL,1.3752888,103.7425384
126A KIM TIAN RD,1.2824135,103.8293561
39 TEBAN GDNS RD,1.3213889,103.7428326
480 TAMPINES ST 44,1.3618601,103.953705
47 STIRLING RD,1.2982987,103.8020423
410 PASIR RIS DR 6,1.372959,103.9538965
222 PENDING RD,1.3752319,103.7740638
19 LIM LIAK ST,1.285532,103.8326305
43 STIRLING RD,1.2981128,103.8025856
747A BEDOK RESERVOIR CRES,1.3366511,103.9209799
117B JLN TENTERAM,1.3282925,103.8607766
679A PUNGGOL DR,1.4060035,103.9082687
159 BISHAN ST 13,1.346716,103.8557291
489C CHOA CHU KANG AVE 5,1.3761644,103.739622
887A TAMPINES ST 81,1.3500303,103.9316618
40 JLN BAHAGIA,1.327899,103.8571309
488C CHOA CHU KANG AVE 5,1.376567,103.7400467
57 C'WEALTH DR,1.296245,103.799522
163B RIVERVALE CRES,1.3892002,103.9085858
473A FERNVALE ST,1.3982256,103.8806434
17 ST. GEORGE'S RD,1.3238816,103.8623649
802B KEAT HONG CL,1.3746467,103.742839
886A TAMPINES ST 83,1.3519075,103.9322995
305 UBI AVE 1,1.3295288,103.9018952
802C KEAT HONG CL,1.3747016,103.7428115
869A TAMPINES AVE 8,1.3550599,103.9324083
659 HOUGANG AVE 8,1.3733368,103.8829193
672 HOUGANG AVE 8,1.3724034,103.8839963
144 SIMEI ST 2,1.3453849,103.9556189
365 BT BATOK ST 31,1.3608331,103.7486709
61 C'WEALTH DR,1.296245,103.799522
545 PASIR RIS ST 51,1.369086,103.9524913
36 MOH GUAN TER,1.2849011,103.8310228
35 LIM LIAK ST,1.2851182,103.8310292
805 KING GEORGE'S AVE,1.3082825,103.860886
56 HAVELOCK RD,1.2900861,103.828917
333B YISHUN ST 31,1.4319933,103.8450148
413 PASIR RIS DR 6,1.3728579,103.9555056
16 MARINE TER,1.3043084,103.9140818
308 CHOA CHU KANG AVE 4,1.3856031,103.7427852
152 PASIR RIS ST 13,1.3637194,103.9622823
289A COMPASSVALE CRES,1.397655,103.8977627
119B CANBERRA CRES,1.4460689,103.8316116
424 FAJAR RD,1.3858153,103.7691734
63 SIMS PL,1.3165905,103.8795338
645A YISHUN ST 61,1.4222388,103.8384682
671A YISHUN AVE 4,1.4190935,103.8416965
185 TOA PAYOH CTRL,1.3326401,103.8500005
38 TEBAN GDNS RD,1.3211511,103.74281
113C MCNAIR RD,1.3210426,103.8595424
376C HOUGANG ST 32,1.3641844,103.8937009
112 WOODLANDS ST 13,1.4383398,103.7817143
126 MARSILING RISE,1.4381677,103.7798582
49 JLN BAHAGIA,1.3277346,103.8563859
818C CHOA CHU KANG AVE 1,1.3768145,103.747992
324 WOODLANDS ST 32,1.4312257,103.7797373
245 BT PANJANG RING RD,1.3805581,103.7721188
561 HOUGANG ST 51,1.3803399,103.889086
57 STIRLING RD,1.296347,103.804442
426C YISHUN AVE 11,1.4231527,103.8463228
205 BOON LAY DR,1.3449477,103.7157737
274A COMPASSVALE BOW,1.3815958,103.8905203
817 YISHUN ST 81,1.4120833,103.8339212
157 BT BATOK ST 11,1.3483744,103.743415
316A PUNGGOL WAY,1.4088874,103.8983133
46 TEBAN GDNS RD,1.3202122,103.7405471
803A KEAT HONG CL,1.3739689,103.7426289
650 YISHUN AVE 4,1.4230104,103.8391821
25 NEW UPP CHANGI RD,1.3229787,103.9336226
119A CANBERRA CRES,1.4458941,103.8311652
542 PASIR RIS ST 51,1.3693119,103.9514488
795A YISHUN RING RD,1.4196955,103.8328778
134 PETIR RD,1.3743798,103.7694013
104 JLN DUSUN,1.3285482,103.8441638
428 BT PANJANG RING RD,1.3867123,103.7696901
252 BT BATOK EAST AVE 5,1.3504943,103.7572409
46 STIRLING RD,1.2985207,103.8015895
312A CLEMENTI AVE 4,1.3190522,103.7645352
155 BEDOK STH AVE 3,1.3185154,103.9461013
443 CLEMENTI AVE 3,1.3141513,103.7639921
18 TIONG BAHRU RD,1.2857514,103.8326305
10C BEDOK STH AVE 2,1.32209,103.936247
697C JURONG WEST CTRL 3,1.3405475,103.7082917
134 TECK WHYE LANE,1.3803703,103.7510471
136 LOR AH SOO,1.349779,103.886327
313 CLEMENTI AVE 4,1.3195797,103.7676993
339 ANG MO KIO AVE 1,1.3652101,103.849116
801B KEAT HONG CL,1.3756226,103.7426501
168 BEDOK STH AVE 3,1.320155,103.9445364
6 SELETAR WEST FARMWAY 6,1.3959029,103.870778
353 HOUGANG AVE 7,1.3721646,103.8995819
698A JURONG WEST CTRL 3,1.3411816,103.7078505
218 BISHAN ST 23,1.3570756,103.8498409
208A CLEMENTI AVE 6,1.3220646,103.7625436
347 ANG MO KIO AVE 3,1.3673391,103.8485709
221 SIMEI ST 4,1.3417576,103.9564348
188 BOON LAY DR,1.3440115,103.7108636
509C YISHUN AVE 4,1.4138057,103.8401625
104 HOUGANG AVE 1,1.354793,103.890305
440C CLEMENTI AVE 3,1.3161638,103.7640373
555 ANG MO KIO AVE 10,1.3708773,103.857088
258 BISHAN ST 22,1.3597961,103.8427777
315 HOUGANG AVE 5,1.364862,103.894963
83 BEDOK NTH RD,1.3273838,103.9401959
130 POTONG PASIR AVE 1,1.3344341,103.8655132
702 ANG MO KIO AVE 8,1.3699807,103.8475536
727 ANG MO KIO AVE 6,1.3726272,103.8461269
313 HOUGANG AVE 5,1.3653105,103.8943261
364A UPP SERANGOON RD,1.3705708,103.8965915
717B WOODLANDS DR 70,1.4414105,103.7985786
202 BISHAN ST 23,1.3550951,103.8472365
152 BISHAN ST 11,1.3455498,103.8548232
506C YISHUN AVE 4,1.4158255,103.8398086
802 FRENCH RD,1.3074649,103.8600775
226A SUMANG LANE,1.402705,103.8929605
52 CASSIA CRES,1.3106881,103.8851742
512C YISHUN ST 51,1.41481,103.8426762
352 BT BATOK ST 34,1.3616165,103.7494177
338 HOUGANG AVE 7,1.36965,103.8987721
376B HOUGANG ST 32,1.3640633,103.8934844
107 LENGKONG TIGA,1.3235292,103.9108154
5 SELETAR WEST FARMWAY 6,1.3960374,103.8701178
274C COMPASSVALE BOW,1.3822704,103.8910413
51 TANGLIN HALT RD,1.2993975,103.799003
72 C'WEALTH DR,1.296245,103.799522
22 KG BAHRU HILL,1.2730202,103.8288487
287B COMPASSVALE CRES,1.3987339,103.8963481
721 ANG MO KIO AVE 8,1.3726113,103.8478508
2 SELETAR WEST FARMWAY 6,1.394657,103.870787
227A SUMANG LANE,1.403599,103.8929603
407 ANG MO KIO AVE 10,1.3619498,103.8554483
529 ANG MO KIO AVE 10,1.3728173,103.8557469
722 ANG MO KIO AVE 8,1.3721902,103.8474888
332 UBI AVE 1,1.3269759,103.902663
813A YISHUN RING RD,1.4182878,103.8328343
722 CLEMENTI WEST ST 2,1.3027453,103.7635239
226B ANG MO KIO AVE 1,1.367338,103.8395759
208B CLEMENTI AVE 6,1.3213333,103.7629229
164 BT MERAH CTRL,1.2833943,103.8164192
120A CANBERRA CRES,1.4461324,103.8325884
351 JURONG EAST ST 31,1.3448615,103.7307969
119 ALJUNIED AVE 2,1.3200279,103.8868022
